-9.839500 -7.942100
-9.302900 -10.215700
-10.022900 -9.415500
-10.071500 -8.581200
-11.947400 -10.298600
-9.715300 -10.751700
-8.348800 -10.369100
-9.831100 -8.547800
-9.160000 -7.316500
-10.498100 -9.077300
-9.607000 -9.466300
-9.317500 -9.026200
-9.535100 -8.623900
-9.995800 -8.549300
-10.207000 -7.445400
-9.098400 -8.372000
-9.718700 -7.252400
-10.300900 -9.329600
-9.962700 -9.370100
-9.251800 -9.438600
-11.919400 -8.690800
-8.957800 -10.634900
-7.781700 -7.627400
-10.765400 -9.058600
-10.959700 -10.411400
-9.732300 -10.266700
-10.665300 -8.863200
-10.161800 -8.925800
-11.832200 -9.540400
-10.585100 -8.683800
-10.625000 -7.945800
-10.491800 -9.711600
-10.220200 -10.219200
-9.474600 -9.472300
-10.813200 -9.971300
-9.673800 -9.216200
-9.706200 -9.395000
-9.875900 -9.400800
-10.290200 -8.193900
-9.587700 -10.693800
-10.779800 -8.767600
-9.595500 -9.205300
-10.212600 -8.016000
-8.900700 -10.174100
-11.553400 -8.663100
-8.998700 -10.301800
-8.024200 -9.290700
-10.881200 -9.231700
-10.376200 -9.502900
-10.534700 -9.279700
-11.922000 -8.084200
-10.528100 -9.766100
-11.358200 -8.690400
-9.385400 -9.399300
-8.222200 -8.400700
-9.927800 -8.134300
-9.722100 -7.342000
-10.898800 -9.325800
-9.205100 -9.120600
-10.189000 -8.108900
-10.523200 -8.600300
-10.884400 -8.769300
-9.878300 -8.081300
-11.486300 -9.564300
-9.479100 -8.274900
-11.123100 -8.858600
-10.456900 -9.638000
-10.082400 -8.484800
-9.243400 -7.963000
-9.400800 -7.673700
-9.723400 -9.100000
-11.655400 -8.422500
-9.794500 -8.517400
-10.167700 -9.767600
-8.714200 -10.227500
-10.260000 -11.144500
-8.660200 -9.375900
-9.213100 -10.422700
-10.844300 -8.298200
-9.582300 -10.142900
-11.247600 -9.069800
-11.174000 -10.570200
-9.180300 -7.646500
-8.575700 -9.529500
-11.047300 -8.472200
-8.930500 -8.665000
-9.475700 -8.150300
-10.586300 -9.658400
-10.390900 -9.846600
-10.280800 -9.631900
-10.386200 -8.841700
-10.780500 -10.588900
-9.887700 -8.480400
-9.904600 -8.973700
-10.698400 -8.830400
-9.734700 -9.442500
-9.756800 -10.185400
-10.749400 -8.612300
-10.051100 -7.770800
-8.674900 -9.543100
-10.454600 -8.362400
-11.127100 -8.568000
-9.809100 -7.686900
-10.504000 -8.343400
-10.699600 -8.549300
-9.719700 -8.942700
-11.446100 -9.408200
-9.635300 -8.557300
-9.547400 -8.963000
-10.035100 -8.761900
-9.235400 -8.308100
-10.394700 -9.280400
-9.839300 -9.096100
-10.999000 -8.710000
-10.139800 -9.450400
-9.669400 -9.294400
-10.552500 -8.662100
-9.992900 -9.325500
-10.005800 -8.162800
-10.448700 -8.944300
-10.619700 -7.132300
-8.976000 -9.482100
-10.611400 -9.017600
-9.889800 -9.540400
-9.645000 -9.054000
-10.955200 -9.172400
-9.332100 -10.037500
-11.370100 -9.556400
-11.450500 -10.871900
-10.849500 -8.675800
-10.539700 -8.119000
-10.971900 -7.771800
-10.018200 -8.923600
-9.999100 -10.077600
-12.036600 -8.459700
-9.617900 -9.081200
-10.674900 -8.495500
-11.105700 -7.659700
-10.948500 -8.860000
-9.168400 -11.184500
-9.195100 -8.739000
-8.896200 -9.004700
-10.890900 -9.612800
-9.255300 -8.278600
-9.824900 -9.262600
-11.195200 -8.653400
-9.954200 -9.092200
-9.449800 -9.795900
-9.568600 -9.373200
-9.778800 -9.872400
-12.043700 -8.519200
-9.768700 -9.951500
-11.154200 -7.490400
-10.980000 -10.736600
-10.592800 -9.843500
-9.861700 -10.183700
-10.817900 -9.591500
-9.871900 -7.575600
-10.673900 -8.697000
-8.329400 -8.461100
-9.086100 -9.796800
-10.618700 -9.188300
-10.154800 -8.923500
-10.147400 -9.252400
-9.931500 -9.744600
-11.638400 -8.730800
-13.010400 -8.622200
-10.835600 -8.938100
-10.169800 -9.824700
-12.228700 -7.478700
-10.104600 -9.324700
-10.015100 -9.035700
-10.327500 -9.263500
-9.410300 -8.416400
-10.339200 -9.071200
-10.532300 -9.107500
-10.927000 -9.882700
-11.298400 -8.248200
-8.292200 -8.985700
-12.064600 -9.378900
-9.626800 -9.204000
-10.891500 -8.710100
-8.948000 -9.234400
-9.687700 -10.289400
-10.610300 -9.022700
-10.920300 -9.858600
-10.053500 -9.410600
-11.085800 -8.925800
-10.522300 -7.937000
-10.257000 -8.665000
-11.086700 -10.504400
-10.129600 -8.208500
-9.269500 -9.256500
-9.461500 -10.102000
-11.101400 -9.137800
-10.228800 -9.770800
-10.627600 -8.844000
-11.008800 -8.572500
-11.723000 -8.714700
-12.409700 -8.617700
-11.095100 -8.015700
-9.037100 -8.482700
-8.816000 -8.200400
-8.501000 -9.429800
-10.726600 -9.752200
-9.343500 -8.907700
-11.599400 -10.088800
-9.573900 -7.801600
-9.271300 -7.941800
-11.075100 -9.468000
-9.796100 -9.606000
-8.986500 -9.055000
-10.217200 -9.399000
-9.821400 -9.905300
-11.022100 -8.179100
-9.720900 -9.024300
-10.398700 -9.518700
-9.446400 -7.903000
-7.654400 -10.272700
-10.150300 -9.540000
-8.895400 -8.432700
-8.950600 -10.326900
-11.300500 -9.997500
-10.022800 -8.661100
-9.763500 -9.729300
-10.485900 -10.037200
-8.901700 -8.077900
-10.657600 -6.773700
-10.535300 -9.438400
-9.310400 -8.058100
-10.723300 -11.168900
-11.009200 -10.049000
-9.900100 -8.272300
-10.118300 -9.065800
-9.895500 -9.921200
-9.567200 -8.421900
-9.772500 -8.206600
-9.096000 -8.496900
-10.519200 -10.319900
-9.137500 -8.791400
-8.449300 -7.393300
-9.177300 -9.702300
-9.817600 -9.802000
-10.512000 -9.491900
-9.942700 -8.526900
-10.510600 -9.641000
-10.421600 -8.743200
-10.815600 -8.315700
-10.010000 -8.227400
-10.272200 -9.716200
-8.037400 -8.821500
-10.128500 -7.302500
-10.934100 -7.655500
-9.684500 -9.551700
-9.588700 -8.176300
-10.228200 -9.169200
-9.061000 -8.784200
-9.009600 -8.820100
-10.317800 -9.818800
-11.014700 -8.780400
-10.273800 -8.930600
-10.508500 -8.594800
-9.134600 -8.819700
-10.316600 -9.258400
-9.283100 -8.166600
-8.741600 -10.165500
-10.857000 -10.839600
-10.381900 -10.083800
-9.890500 -9.379100
-9.775400 -10.401400
-10.186800 -7.779100
-11.010100 -9.663200
-10.681700 -7.319000
-10.014500 -9.011500
-9.368100 -9.622900
-10.137000 -10.921900
-10.544300 -8.418500
-10.199900 -8.950200
-10.006000 -8.445400
-10.274200 -8.111700
-7.700100 -8.643400
-10.381200 -10.364400
-10.193100 -8.713600
-10.007800 -7.333400
-9.591500 -10.222100
-10.176100 -8.663300
-9.476700 -8.936900
-10.107200 -8.803600
-8.489800 -7.442800
-10.087600 -8.079300
-11.079900 -9.825600
-9.992600 -8.933700
-10.224800 -9.245700
-10.314000 -8.332800
-9.512000 -9.305400
-10.080800 -8.823600
-8.226800 -8.734200
-9.682500 -9.988100
-10.423600 -9.785900
-9.436000 -8.405100
-9.502600 -7.720700
-11.817900 -10.147300
-9.217700 -8.769900
-10.249700 -8.443600
-9.961900 -8.328600
-10.350700 -8.551900
-9.553600 -10.094400
-9.907000 -8.653100
-8.879700 -7.976300
-10.421800 -9.318500
-10.393600 -8.263500
-10.248800 -9.450500
-10.584500 -8.595600
-10.465200 -9.646600
-10.926000 -10.117000
-10.549600 -10.168800
-10.846000 -8.679600
-11.327000 -7.703400
-10.470000 -8.888800
-9.832500 -9.004200
-10.489400 -9.411500
-11.390700 -7.290100
-9.472500 -8.976100
-11.248400 -7.749800
-10.704000 -8.965400
-8.266700 -6.516600
-9.772500 -9.162800
-10.482400 -10.056900
-8.853300 -8.771400
-9.999600 -8.077000
-9.509800 -7.353800
-9.790700 -7.988200
-11.568000 -8.627800
-11.985400 -7.556600
-8.429000 -10.280800
-10.406600 -9.304300
-10.924000 -8.631200
-11.270500 -8.676300
-10.617100 -8.374300
-9.989100 -8.466800
-9.056600 -10.650400
-11.235000 -8.816900
-10.054200 -7.792700
-8.814600 -8.224800
-9.726800 -10.091500
-9.458200 -8.855600
-9.199200 -8.940300
-9.171400 -9.976900
-9.449500 -8.657200
-9.189500 -9.430000
-8.538600 -9.200200
-10.570000 -10.484400
-9.447100 -9.490000
-10.060400 -8.831600
-9.759200 -10.500600
-10.029600 -7.993500
-9.758700 -8.878400
-7.659600 -9.074600
-11.911800 -8.684600
-10.028400 -8.661900
-10.767500 -8.991400
-10.419800 -9.590100
-9.611500 -7.888400
-9.681700 -11.289300
-10.100000 -9.418800
-8.765200 -9.243500
-10.644300 -9.793500
-8.676400 -7.596100
-8.929000 -9.290300
-9.224700 -9.130400
-10.508500 -8.184900
-10.565900 -7.714800
-9.057200 -8.886900
-10.239600 -9.578500
-11.327700 -7.971000
-9.834000 -9.943400
-10.478800 -9.745600
-9.737500 -9.447600
-10.571600 -8.462800
-10.869000 -10.027600
-10.032300 -9.673400
-9.529700 -9.448000
-9.845500 -10.356000
-10.101100 -8.354500
-10.107200 -9.634700
-11.731900 -8.980100
-11.204600 -9.422800
-8.480100 -8.669400
-10.271200 -10.637300
-9.916100 -11.008400
-8.856300 -8.869800
-10.425000 -8.539600
-10.680700 -8.188400
-9.347900 -9.923400
-10.944200 -10.349600
-10.012400 -9.918600
-9.562600 -8.339900
-10.957400 -9.811200
-10.958400 -9.512400
-9.957100 -9.144000
-10.314100 -11.529200
-8.703700 -7.429300
-9.478300 -9.537500
-10.052200 -9.515600
-10.656900 -7.384200
-9.217000 -9.541800
-9.904200 -8.456000
-9.875300 -8.457400
-10.010800 -9.238500
-9.015600 -8.709400
-10.538100 -8.188400
-9.656800 -9.247000
-9.162600 -8.613700
-11.266800 -8.812200
-10.262700 -10.081700
-10.662100 -8.294100
-9.731200 -8.730000
-9.916200 -9.633900
-9.328100 -9.392600
-8.804200 -7.748700
-10.795600 -8.953900
-10.073900 -9.718400
-10.527000 -8.734500
-9.312000 -9.460400
-10.813000 -7.350700
-9.081100 -7.544300
-8.142800 -9.769300
-10.719500 -9.452300
-10.537900 -10.336400
-10.594000 -10.366200
-9.992200 -9.387000
-9.276900 -9.803900
-10.746600 -8.677900
-9.525900 -7.973200
-10.357200 -8.802300
-10.557600 -8.660500
-10.088800 -10.438100
-9.677200 -9.476100
-10.351000 -9.267200
-11.548800 -8.502600
-9.965500 -9.720400
-10.346300 -10.345600
-10.977600 -10.230000
-9.262700 -8.866000
-9.649500 -9.024000
-9.678500 -8.807400
-9.427400 -8.634200
-9.657500 -7.797400
-9.177800 -8.175300
-9.054300 -11.031600
-9.511800 -9.414100
-10.557100 -7.809300
-10.394700 -9.568500
-10.122800 -10.240400
-9.478500 -9.365400
-7.922600 -9.083100
-10.205800 -11.977300
-9.579300 -8.772200
-9.726800 -8.754900
-10.505500 -10.038100
-10.904200 -8.292600
-8.854700 -9.455000
-10.010900 -10.245500
-9.525700 -8.690800
-10.611900 -8.578800
-10.366200 -9.448900
-10.582000 -10.148300
-10.457800 -10.975200
-10.566700 -9.236100
-7.809900 -9.834500
-9.776500 -9.095900
-9.893600 -11.107600
-8.967000 -7.749100
-9.433800 -7.432500
-9.881200 -8.962300
-8.639300 -9.163100
-10.991600 -8.651900
-9.321100 -8.641300
-9.381100 -9.304300
-10.304500 -8.148100
-10.594900 -10.041400
-9.329400 -8.529200
-10.018900 -7.859600
-10.070100 -10.123800
-9.733800 -10.414400
-9.409100 -9.834800
-9.372800 -6.675700
-9.456900 -8.938700
-9.696000 -9.250500
-11.344600 -7.810400
-10.247100 -9.890600
-10.204500 -8.783500
-9.283100 -8.511300
-9.498300 -9.559400
-9.929500 -9.035300
-10.019700 -9.232100
-10.974900 -7.979900
-9.883200 -8.737400
-10.057500 -8.124100
-9.487900 -8.874400
-10.393400 -9.792200
-9.311300 -9.131500
-8.122000 -8.909500
-10.397600 -9.891300
-9.416100 -8.106000
-9.965100 -9.865200
-9.265900 -9.275400
-9.432700 -7.839800
-9.712400 -10.204200
-10.092200 -8.483400
-9.957400 -10.319100
-9.507100 -9.966700
-11.077900 -8.039900
-10.271400 -8.528200
-8.239000 -8.206800
-12.022200 -8.685000
-8.798100 -9.855600
-10.152500 -9.261000
-10.015800 -9.051500
-10.008800 -10.519600
-11.318700 -10.348700
-10.227800 -9.139700
-9.259000 -8.134400
-10.382500 -9.368000
-10.606800 -7.952200
-8.588700 -9.068800
-9.172700 -8.281700
-8.506300 -9.910000
-11.578200 -8.823400
-11.482100 -9.134600
-10.684500 -8.085000
-10.170800 -10.408000
-10.064300 -8.402100
-9.979100 -8.685100
-8.870000 -7.487300
-9.511500 -9.956100
-9.632400 -9.644400
-10.357700 -9.150100
-10.041900 -9.253600
-8.910800 -9.378700
-11.928500 -9.088400
-8.819000 -8.778900
-9.636600 -9.102100
-10.267500 -8.938100
-10.085700 -8.549800
-10.629300 -8.329300
-8.615800 -8.604400
-10.002400 -8.982300
-8.937200 -8.613300
-10.037800 -10.694500
-10.057800 -7.752500
-10.546300 -11.070000
-9.937000 -8.271100
-10.652800 -10.525800
-9.701700 -8.561900
-7.957700 -8.402200
-10.042000 -10.240400
-9.237500 -9.588100
-10.303600 -8.149300
-11.699100 -9.048900
-9.125900 -8.772400
-10.001800 -9.911400
-9.738900 -10.507600
-10.185300 -8.893200
-8.382900 -10.634000
-9.192600 -8.181100
-9.770500 -8.051700
-11.320100 -8.564600
-11.451400 -9.300200
-8.552300 -9.588400
-8.394500 -8.645100
-9.020000 -8.755300
-10.716800 -9.102300
-9.582900 -9.038300
-9.827600 -8.634500
-10.940300 -10.372000
-10.386400 -9.054400
-9.611300 -9.955500
-10.314100 -8.668200
-9.893000 -7.825700
-10.327400 -8.265000
-11.241600 -8.635500
-9.177000 -9.580100
-8.790700 -9.399100
-8.935900 -8.527500
-9.596200 -8.265400
-10.167400 -8.771400
-9.026800 -9.036800
-9.561000 -8.242900
-10.365800 -8.610400
-11.967800 -9.205300
-9.188100 -7.444500
-10.010100 -8.905100
-8.927800 -8.595500
-10.152800 -9.530700
-10.254800 -8.665700
-9.007500 -9.867100
-9.732300 -8.077800
-10.184100 -8.769400
-9.985000 -7.192500
-9.707500 -8.811500
-10.041900 -8.949100
-10.517400 -7.217900
-9.480600 -10.444700
-9.518400 -7.987000
-9.116300 -9.035500
-9.177700 -9.685100
-11.141100 -9.335300
-10.194000 -9.393700
-10.534200 -9.180900
-8.628800 -9.238200
-10.701800 -8.408200
-8.342900 -10.179200
-10.011200 -7.090900
-10.132200 -8.948700
-9.852200 -6.853000
-10.608200 -8.751500
-9.039500 -9.475900
-9.386700 -12.146200
-9.195400 -8.983600
-10.058400 -8.623900
-12.009100 -9.729600
-11.108700 -9.104400
-9.889300 -8.769700
-9.452400 -8.884000
-10.009400 -8.411000
-11.099100 -6.875800
-9.488400 -8.220600
-9.825700 -8.241600
-10.490800 -9.303900
-2.636100 -6.834600
-2.140800 -5.794400
-1.116400 -4.932800
-0.212500 -3.919600
-2.181000 -6.126700
-1.558200 -6.741400
-2.445900 -6.573700
-1.931300 -6.996700
-2.001200 -5.966000
-2.450500 -6.371400
-3.177400 -7.567000
-2.012300 -6.121300
-2.532200 -6.305300
-2.880600 -6.819900
-2.062800 -6.121000
-1.464000 -5.286600
-3.021400 -7.428100
-1.498600 -5.374800
-2.897500 -6.666400
-2.268300 -6.031300
-2.182300 -5.749900
-2.197600 -5.420300
-1.023200 -4.373800
-0.887300 -5.328300
-2.607300 -6.674700
-1.835400 -5.934500
-2.132200 -6.162300
-1.913600 -6.627600
-2.483000 -6.931400
-0.968200 -4.957100
-2.973700 -6.501400
-3.083800 -6.458600
-2.322600 -6.236800
-2.301300 -6.598100
-2.676600 -6.669700
-1.925400 -6.764400
-2.632700 -6.923400
-2.298700 -6.267500
-2.303400 -5.384900
-2.973100 -6.963800
-2.569400 -6.853800
-2.197100 -6.198200
-1.949200 -6.019700
-1.364700 -5.429400
-1.283900 -4.887500
-0.765800 -5.602700
-3.904000 -7.920500
-3.204900 -6.312000
-2.620600 -6.890000
-0.916600 -3.896700
-3.820600 -8.281000
-1.853900 -6.254900
-1.903600 -6.361800
-3.877700 -8.222100
-0.969600 -5.335400
-1.013700 -5.951800
-1.600100 -6.258100
-2.541100 -6.683600
-1.642100 -5.941300
-1.852600 -5.540700
-1.441400 -5.456800
-2.677000 -5.980300
-2.249400 -6.258100
-1.916100 -4.595000
-2.101600 -5.838200
-2.227200 -6.249900
-2.383900 -6.967600
-1.810300 -5.377800
-2.123800 -5.635900
-3.437600 -7.482100
-2.085500 -6.499700
-2.589100 -6.268900
-2.390900 -5.412900
-1.810000 -6.751600
-0.832000 -4.781200
-2.967900 -6.316700
-2.495600 -7.134500
-2.148500 -6.491600
-2.109300 -6.368900
-3.371600 -8.180300
-1.911100 -5.664400
-2.646200 -6.583200
-2.178100 -6.124100
-1.638300 -5.796000
-1.446200 -5.479000
-2.479800 -6.223600
-1.404400 -5.554600
-4.316900 -8.790400
-2.094000 -6.410300
-0.924900 -4.988900
-1.259900 -5.717000
-1.436200 -4.339200
-2.432000 -6.918800
-2.003800 -6.220100
-0.944400 -5.092300
-1.930100 -6.271900
-0.514800 -4.554300
-2.080000 -6.405700
-0.704800 -4.264300
-0.838300 -3.635800
-2.884100 -7.417800
-1.530600 -4.761400
-0.948100 -5.573700
-0.533600 -5.147100
-2.455100 -6.319400
-2.194200 -6.289500
-2.714900 -6.477100
-1.805300 -5.802600
-0.951300 -4.964000
-1.589100 -5.555900
-1.518000 -5.368600
-1.885400 -5.885400
-2.873400 -6.022700
-1.831800 -5.831400
-2.263200 -5.958000
-2.632400 -6.434600
-1.972500 -6.135600
-1.746200 -6.134700
-1.444400 -4.740200
-1.824700 -6.000500
-1.336100 -5.604100
-1.629100 -6.305500
-1.544600 -5.854700
-2.112000 -5.695400
-1.775500 -5.903600
-1.297600 -5.547300
-1.964600 -5.802200
-2.615300 -6.890500
-2.208100 -5.847600
-1.893900 -5.283500
-1.745500 -5.288200
-1.713800 -6.212000
-1.978400 -6.210100
-0.981200 -5.188100
-0.806400 -5.447800
-2.165100 -5.522700
-0.401600 -4.515100
-2.768900 -6.285000
-1.636000 -5.523500
-3.282300 -7.584500
-1.849500 -4.878700
-1.959900 -7.245900
-2.501400 -6.308800
-0.317800 -4.695400
-2.752800 -6.198600
-2.130800 -7.252700
-2.129000 -6.204600
-1.598600 -5.765200
-1.020600 -4.615300
-2.421900 -5.782000
-2.715900 -6.965100
-2.245100 -6.877400
-1.556100 -6.118700
-2.318200 -5.989500
-1.065400 -5.293900
-1.984000 -5.420900
-2.634800 -6.440900
-1.239900 -4.539100
-2.201900 -5.972400
-0.724700 -4.473500
-2.112400 -5.670500
-1.452700 -5.724100
-2.946000 -7.384100
-1.953400 -6.316000
-1.739700 -6.302700
-2.011400 -5.583800
-2.995500 -6.581800
-3.067000 -8.119400
-2.250500 -5.730900
-2.071400 -5.451400
-2.113400 -6.557200
-1.514300 -5.589800
-2.292500 -6.892000
-1.823300 -5.728500
-2.875800 -6.513000
-1.168700 -4.348200
-1.889500 -5.606900
-1.664700 -5.397400
-2.535400 -6.129700
-1.522600 -5.895900
-1.427600 -5.012000
-2.164200 -6.750800
-2.412900 -6.209300
-1.434300 -4.951400
-0.945300 -3.848000
-1.346800 -5.747800
-1.358000 -5.733300
-1.729900 -5.705700
-2.288800 -6.293900
-1.650000 -5.315800
-1.122000 -4.933200
-2.861700 -7.417300
-2.193800 -6.146000
-0.567900 -4.103600
-1.200000 -5.047400
-2.199400 -6.367500
-2.041400 -5.697600
-1.813900 -6.019200
-2.075900 -5.803800
-2.108600 -5.350800
-2.569000 -6.972800
-2.590700 -6.676200
-2.585000 -6.739000
-1.111100 -5.286800
-1.875800 -6.195600
-1.159900 -4.146500
-0.400800 -3.881300
-2.098300 -6.262300
-0.685500 -4.097500
-2.108100 -6.053200
-1.758400 -5.801900
-2.302300 -5.825800
-1.372900 -4.881700
-1.264300 -5.408400
-3.002000 -6.826500
-2.980000 -6.397100
-2.347200 -6.288700
-1.884100 -5.715300
-0.715600 -4.362300
-1.033200 -5.516100
-2.675700 -5.743300
-2.523000 -7.184900
-0.921800 -5.407200
-0.778500 -5.465100
-2.713300 -7.725200
-3.451300 -7.257400
-3.456000 -7.750800
-1.944700 -5.561000
-1.832700 -5.757800
-2.306300 -6.149400
-2.059900 -6.372900
-2.518600 -6.492000
-1.305100 -5.751600
-2.376100 -6.429400
-2.688200 -5.897500
-1.712100 -4.684500
-1.452100 -5.196300
-0.516700 -5.003000
-2.805900 -6.999600
-2.826100 -6.336100
-2.968800 -6.229300
-2.899900 -6.717300
-1.417700 -5.232500
-0.599600 -4.290600
-1.790200 -5.846400
-2.186500 -6.700700
-2.203800 -6.748700
-2.542600 -6.507400
-1.540200 -5.447500
-2.442000 -5.270500
-1.897000 -5.291700
-2.691300 -6.875900
-1.679400 -5.074100
-1.983600 -6.213000
-1.368200 -4.923100
-2.278400 -6.261700
-1.807400 -5.521900
-1.804200 -5.251600
-2.755000 -6.632000
-1.485400 -5.602100
-1.934400 -6.706200
-1.646200 -5.896600
-1.668000 -5.984900
-2.271900 -5.738300
-1.720500 -5.215700
-1.184300 -5.717700
-0.653400 -4.677100
-1.332000 -5.666600
-3.122400 -7.068100
-1.239200 -5.371600
-3.094500 -7.518700
-1.497700 -5.464900
-1.665800 -5.776100
-2.571400 -7.527100
-1.777500 -5.710400
-2.662500 -6.675900
-2.699300 -7.200800
-1.128700 -5.501000
-1.755200 -6.389200
-1.765600 -5.947600
-2.027600 -6.127600
-1.493600 -5.430900
-1.679900 -5.932400
-2.362500 -6.536100
-3.088600 -7.282700
-3.561600 -7.355100
-1.977000 -5.809500
-2.448800 -6.710500
-1.353700 -5.166000
-2.214600 -6.472000
-2.303800 -6.053400
-3.200100 -7.138300
-2.106600 -6.063900
-2.582200 -6.115000
-1.999500 -6.223700
-3.426000 -7.776000
-1.639400 -4.916500
-2.037500 -5.868600
-0.365400 -3.452100
-1.465100 -6.616200
-1.398100 -6.376600
-1.439700 -5.836800
-1.841200 -6.018700
-2.352600 -6.951600
-1.699400 -6.300700
-2.446300 -6.115900
-2.116000 -6.218700
-3.577700 -7.442100
-1.783100 -6.380200
-2.376000 -6.684900
-0.903700 -5.322800
-1.705200 -5.668500
-1.995800 -6.005900
-1.368100 -4.915700
-1.744400 -5.830400
-3.454600 -7.885200
-1.083100 -4.713400
-2.319900 -6.493900
-4.055400 -7.453600
-0.938600 -4.464900
-1.295200 -5.715500
-2.334300 -6.287400
-1.331500 -5.007300
-1.963000 -7.030400
-2.025700 -5.711800
-1.509400 -5.391500
-1.135100 -4.983000
-1.659500 -5.891100
-1.324800 -5.228800
-2.076100 -6.507700
-2.679100 -6.188200
-2.448000 -5.870100
-0.304800 -3.976200
-1.431100 -5.388600
-1.426200 -4.851300
-2.137300 -6.773700
-1.965800 -6.760400
-1.788400 -6.180700
-2.136000 -5.276900
-1.123800 -4.779900
-1.249500 -5.276800
-2.418600 -6.943900
-2.535300 -7.224300
-1.238400 -4.544200
-1.986400 -5.572600
-2.040000 -6.110700
-1.375000 -6.403500
-2.980400 -7.167800
-2.600000 -6.391700
-1.579100 -5.457900
-1.443500 -5.022400
-3.057400 -7.336400
-2.442400 -7.524300
-2.101200 -5.532500
-1.839700 -5.884300
-1.681600 -5.185300
-2.793700 -6.485600
-1.640000 -6.101700
-2.070600 -6.147000
-1.405700 -5.632100
-2.254500 -6.105600
-1.778300 -5.754800
-2.065200 -5.445600
-1.774500 -6.455100
-2.246100 -6.030100
-2.170300 -6.787800
-2.435700 -6.356100
-1.741100 -6.155300
-1.901600 -5.518100
-2.330400 -5.837600
-1.889500 -5.569900
-1.620800 -4.794800
-1.687800 -5.623400
0.151900 -3.605000
-1.571700 -4.830600
-1.274500 -5.282700
-1.440000 -6.047300
-0.657300 -5.520200
-1.879100 -5.755200
-2.173600 -6.049200
-1.742600 -5.778700
-0.412700 -4.531800
-1.198200 -5.461300
-2.722600 -7.045700
-2.353400 -5.650900
-2.021100 -5.955500
-1.332800 -5.333300
-3.337100 -7.868100
-3.104400 -7.169000
-0.125300 -3.229000
-1.770900 -5.884700
-3.019400 -7.440800
-1.129600 -5.709100
-3.099000 -7.491000
-1.556500 -5.845100
-1.967200 -5.954200
-2.196500 -6.028200
-2.583800 -7.048900
-0.756100 -5.324200
-1.951500 -5.811100
-1.184100 -4.820000
-1.433200 -4.841200
-1.282000 -5.413900
-1.136800 -5.722800
-1.895800 -6.498900
-3.224300 -7.044400
-3.043600 -7.072500
-1.353200 -4.775500
-3.631400 -7.713100
-1.404100 -4.624200
-1.641400 -5.186200
-1.937000 -5.003300
-1.642000 -5.476100
-1.847100 -6.667800
-1.695700 -5.067900
-1.519700 -5.468200
-3.106200 -8.002700
-1.696700 -5.794900
-2.540200 -6.408600
-1.929100 -5.473900
-2.985700 -6.501800
-2.021100 -7.290700
-2.485000 -6.320400
-1.812100 -5.718800
-2.061400 -6.550000
-3.217900 -7.576500
-0.122900 -3.631500
-1.433300 -6.542400
-2.745800 -6.333100
-1.018900 -4.842000
-2.538300 -6.387600
-1.451000 -5.171500
-1.786600 -5.300700
-0.308300 -4.139700
-1.356900 -5.584400
-2.214900 -6.083600
-2.288100 -6.498100
-1.979600 -6.025600
-1.934000 -7.134200
-2.463400 -6.101900
-1.736800 -6.222000
-3.871600 -8.001400
-1.995900 -5.626900
-2.081900 -5.475300
-2.273600 -5.969500
-2.586900 -6.161000
-1.956000 -6.288600
-1.890800 -5.505400
-1.778700 -6.095200
-1.292000 -5.170400
-2.592100 -6.974300
-2.568900 -7.037000
-1.127400 -5.986300
-2.568700 -6.651400
0.222200 -3.929300
-2.840200 -7.090800
-3.398700 -7.985900
-2.106800 -6.017500
0.155100 -3.558700
-1.202100 -4.458100
-2.002100 -6.433000
-2.706700 -6.350700
-1.507100 -5.233300
-2.040400 -6.234900
-2.578200 -6.963000
-2.573600 -6.434700
-2.584900 -6.476500
-2.129000 -6.299300
-1.591400 -5.383000
-0.454100 -3.994200
-2.745300 -7.269800
-1.184100 -5.423600
-2.296900 -6.347300
-1.921700 -5.161000
-2.032000 -6.438400
-2.344400 -6.471900
-1.442500 -5.143100
-0.846400 -5.482200
-1.600200 -5.372900
-2.976400 -6.084500
-2.058300 -5.640100
-3.103000 -7.342400
-1.957700 -6.249000
-3.964200 -8.224500
-2.806200 -6.380800
-2.045200 -5.929600
-1.073700 -4.709900
-1.764900 -5.687200
-1.833600 -6.916000
-2.556500 -6.586200
-3.559100 -6.869800
-1.642300 -5.714400
-2.467500 -6.368500
-1.984300 -6.005600
-2.500700 -6.764600
-2.641000 -6.875400
-0.539700 -4.395600
-1.430600 -4.736700
-2.068600 -5.537600
-3.345900 -7.010800
-1.851100 -5.863900
-1.592100 -4.837500
-1.241300 -5.398800
-3.149300 -7.747100
-2.712000 -7.430400
-2.515800 -7.037600
-1.514300 -5.375400
-1.076200 -4.822100
-1.479300 -6.236700
-1.945700 -5.888000
-2.063500 -6.405100
-2.234600 -6.916400
-2.361800 -5.849800
-2.054400 -5.717100
-1.589800 -5.539300
-2.804000 -6.873500
-2.485100 -6.088800
-1.875800 -5.263000
-2.044600 -5.435000
-2.002400 -6.098500
-1.554900 -4.906000
-1.788400 -5.143200
-1.478100 -4.777900
-2.559200 -7.458400
-1.812700 -6.574800
-2.013500 -5.973200
-2.332700 -5.830300
-2.112600 -6.756200
-1.325800 -6.270800
-0.765500 -3.119400
-2.126500 -5.170100
-3.985900 -8.145400
-0.960100 -5.337500
-0.359100 -3.561000
-1.571100 -6.345700
-2.222000 -6.136900
-2.831500 -7.655200
-1.411400 -5.320400
-1.764800 -5.819500
-1.994100 -5.514200
-1.637200 -5.462300
-0.735600 -4.575700
-1.498300 -5.336200
-1.475200 -5.430000
-2.173100 -6.869100
-2.803300 -6.824300
-1.097600 -4.642700
-1.990900 -6.732300
-1.379800 -5.624400
-2.121400 -6.122800
-1.436700 -5.126800
-2.873400 -7.024900
-2.099300 -6.456800
-3.435900 -7.707600
-2.090000 -5.672900
-2.678300 -6.935400
-1.899900 -5.543700
-2.679800 -6.797200
-2.283100 -6.215900
-3.002200 -7.606100
-1.000300 -4.638600
-2.926900 -6.165000
-2.878000 -7.203500
-3.146400 -6.342300
-1.518900 -6.560400
-3.037400 -7.171600
-1.623700 -5.664000
-0.746600 -4.497700
-3.074400 -7.343000
-2.241300 -5.541300
-2.917100 -6.632200
-1.802600 -5.716300
-1.252100 -5.681600
-1.806800 -5.777700
-1.708100 -5.917300
-2.175800 -6.794400
-1.804200 -6.050300
-1.533100 -6.035100
-2.692600 -7.215200
-2.653900 -6.564100
-2.896000 -6.906800
-2.288700 -6.155300
-1.423400 -4.685300
-1.710200 -5.495500
-3.000700 -7.094800
-2.732400 -6.649400
-2.304200 -5.924700
-0.798000 -4.898700
-1.644000 -6.387700
-1.199600 -4.620800
-1.960900 -6.621000
-1.770300 -5.929100
-2.363500 -6.158700
-1.997600 -5.586200
-2.408400 -6.697800
-2.399900 -6.777400
-2.195300 -6.401800
-1.662200 -6.160700
-1.624200 -5.193600
-2.843300 -7.096200
-1.417300 -5.250800
-2.240100 -6.881200
-2.685900 -7.218800
-2.738700 -6.776800
-1.566900 -4.970600
-1.687400 -5.836000
-1.129300 -4.990600
-1.763900 -6.183600
-1.626700 -5.041200
-3.054800 -7.582000
-1.657900 -6.110200
-2.368100 -6.691400
-2.151900 -5.993700
-1.624000 -4.534500
-2.695100 -6.454800
-1.420200 -5.075200
-2.881300 -6.891500
-2.084400 -6.484500
-1.840200 -5.946400
-2.618500 -6.542000
-2.520900 -6.162000
-1.833900 -6.580100
-1.782100 -5.849300
-3.058900 -7.156900
-1.767100 -4.765400
-2.669400 -6.986000
-1.381400 -5.059100
-2.313700 -6.254500
-1.256900 -4.495200
-1.322400 -5.547300
-2.146600 -6.103600
-0.397100 -4.160300
-1.325500 -5.086900
-1.240100 -5.268300
-0.790000 -5.043000
-1.946700 -5.605700
-1.541000 -5.257700
-1.642200 -6.509200
5.626100 -3.901200
4.403400 -2.907500
5.432100 -2.406800
5.405200 -3.036200
4.629800 -3.592500
4.771000 -3.107100
4.327900 -3.557500
4.421100 -3.161800
4.788800 -3.129800
4.195400 -4.098900
4.927900 -3.267500
5.355300 -4.757700
5.163700 -3.390500
4.836100 -2.820600
4.901400 -3.050000
4.471800 -3.737700
5.571500 -3.262200
5.614200 -3.035600
4.974700 -3.012000
4.323800 -3.003300
4.736200 -3.655700
4.975400 -3.504200
4.179700 -2.690600
4.781800 -3.002100
4.192500 -3.251600
5.392000 -3.762200
5.062500 -2.556900
5.257100 -2.615100
5.085000 -3.754300
4.512600 -3.390900
3.935800 -2.364400
5.047900 -3.398100
4.752000 -3.303500
4.521000 -2.990300
5.035000 -2.991000
5.380500 -2.149900
4.982900 -2.231200
4.757900 -2.570800
4.205900 -2.834300
5.202800 -2.693200
5.188400 -2.924500
4.421500 -2.455200
5.307200 -3.394600
4.271300 -2.805300
5.501100 -2.741400
4.950300 -3.325000
5.344600 -1.849200
4.824800 -4.336300
4.447600 -2.764100
5.722000 -3.423100
3.841900 -2.006100
6.300100 -2.712700
5.592200 -2.814700
5.330200 -4.007200
4.457300 -2.740200
5.127600 -2.215000
4.827800 -2.360800
5.201300 -3.233500
5.409500 -3.610300
4.915400 -2.631600
5.726900 -2.814700
3.806800 -2.528000
3.987800 -2.657900
4.707600 -1.576900
4.881800 -2.977600
4.371600 -2.832100
6.120800 -2.371500
5.197200 -2.797200
5.359200 -2.046100
5.079400 -2.685600
4.752000 -3.223800
5.580900 -2.575800
4.638900 -3.527100
5.473000 -3.956500
5.371600 -2.850800
5.543500 -2.723000
4.706100 -2.311900
5.024000 -3.462200
4.939400 -2.919300
5.865500 -2.155600
4.876900 -2.991600
4.594700 -3.209700
5.602800 -3.456400
4.041500 -3.243100
5.004100 -3.310100
4.679400 -3.157200
5.168100 -3.764200
5.141900 -3.265700
4.942400 -2.030000
5.781500 -3.532200
5.412900 -3.234600
4.937900 -2.492200
4.880500 -3.248700
5.200900 -3.612500
5.210700 -2.493700
4.145900 -3.241800
4.418100 -2.523400
3.978400 -2.344300
5.513800 -3.468600
4.408900 -3.329800
5.314600 -2.526100
6.132700 -3.503300
4.299600 -1.812800
4.870700 -3.043200
6.060100 -3.137600
5.283600 -2.851200
4.010400 -3.704700
5.512500 -2.531400
5.630200 -4.006800
4.605000 -2.732300
5.238000 -4.196800
3.469400 -3.093500
4.720600 -1.602100
4.916900 -3.159800
5.350200 -3.424900
5.058000 -3.509400
3.943200 -3.854300
4.727600 -2.883600
4.645900 -3.086500
5.500900 -2.732800
5.058500 -2.956700
4.987300 -2.471700
5.004400 -3.349700
5.166600 -3.052400
4.602600 -2.293000
4.247300 -3.527600
4.210800 -1.848100
4.444700 -2.711300
4.002800 -2.501200
4.106500 -3.012800
5.400300 -2.721200
4.577100 -4.297100
3.430900 -2.713700
4.181400 -3.686400
4.741900 -3.401900
6.728800 -4.039500
4.389300 -3.186400
5.103200 -2.810900
4.404400 -2.521300
5.518900 -3.723600
4.394100 -3.753600
5.111200 -2.657500
5.426300 -3.452700
5.078100 -2.848300
4.958800 -3.055500
4.628400 -3.194300
5.342100 -2.439200
4.662500 -3.745100
5.163200 -3.280900
5.416200 -2.402500
4.356900 -2.031800
5.742400 -2.858800
4.737400 -2.708400
5.142100 -4.181200
4.932200 -2.344500
5.114800 -2.917600
4.847300 -2.462800
4.803900 -3.493200
4.546800 -2.318800
6.003700 -1.704300
5.698700 -3.714400
5.365400 -3.491800
4.300400 -2.476100
4.962400 -2.856300
4.408200 -3.442700
4.742600 -2.275800
5.130600 -2.439400
5.396200 -2.200800
4.714200 -3.539000
5.713700 -3.188600
4.756100 -3.504600
6.135000 -2.504600
5.400800 -4.313200
3.645300 -3.543800
4.752400 -3.126600
4.463300 -3.626900
5.067900 -2.601100
5.267900 -3.185000
5.065200 -3.384700
5.290800 -2.720700
4.131700 -2.973800
4.287000 -2.377200
5.253400 -3.301200
5.768800 -2.616000
4.459900 -3.342800
5.039100 -3.542700
4.734900 -3.318100
4.268900 -2.926600
5.088000 -2.610200
4.174600 -3.213800
5.812300 -2.719400
5.215300 -4.157400
4.453200 -3.011400
4.611800 -3.290200
4.823800 -2.129900
4.564600 -3.185600
5.162300 -2.839800
4.953800 -2.258200
5.483100 -2.619500
5.671100 -2.470500
6.313700 -3.120800
4.622700 -3.373400
4.990800 -2.765400
5.105000 -2.864500
4.491300 -4.076900
5.177000 -3.505000
5.989000 -2.366700
5.409800 -3.404400
5.415100 -2.280700
3.930200 -3.375000
5.433200 -3.990600
5.839300 -2.835400
4.489100 -3.259300
4.907800 -2.700000
4.322900 -3.191100
4.969600 -3.314800
5.976800 -3.054600
4.334800 -2.571500
4.278800 -2.449400
4.935300 -3.623900
4.773000 -3.389500
4.048400 -3.012700
4.606800 -3.494200
5.027500 -1.711000
5.424200 -3.342600
4.536900 -2.726300
5.290400 -2.157000
4.575600 -2.201900
4.454500 -3.221500
4.424300 -2.684600
4.352500 -2.849200
4.620700 -2.699200
4.563600 -3.081300
5.355600 -4.108400
4.098400 -2.610500
4.443400 -2.805800
5.908500 -2.356500
4.994700 -2.556900
4.415900 -3.254500
4.641000 -3.879600
5.467800 -3.388100
4.601900 -2.237900
5.309500 -2.231400
5.846900 -3.049500
4.804000 -3.521400
4.679200 -2.614000
4.350700 -3.167100
4.724400 -3.982900
5.442500 -2.752300
4.639000 -2.266800
5.541500 -3.645700
4.177500 -3.857700
4.609400 -2.300600
4.465700 -3.749900
5.488000 -3.498600
4.660900 -2.839500
4.045100 -3.113700
4.842200 -3.009900
4.799800 -3.971200
5.214200 -2.102800
5.123000 -2.549700
4.675300 -3.352700
5.372800 -2.717800
4.599400 -3.626700
3.891200 -3.689500
4.722200 -3.077000
5.989000 -3.064900
4.822700 -3.204000
4.699200 -3.119900
5.804400 -3.302200
4.389700 -2.575400
5.886000 -3.549500
4.804600 -2.581000
4.097400 -2.179300
4.160700 -2.827200
5.558100 -2.676200
4.478500 -2.431300
4.980900 -2.373200
5.350400 -3.661800
4.929100 -3.357500
4.132800 -3.183200
4.285800 -3.114400
5.222800 -2.544800
5.213700 -3.387800
4.926900 -3.298500
5.124600 -2.602300
5.043200 -3.082300
4.446800 -3.159900
4.420400 -2.817700
4.214000 -3.763500
5.543300 -2.434700
5.045500 -4.230300
5.411000 -3.224500
4.746300 -2.101400
5.369400 -3.305400
5.058700 -3.502300
5.986000 -3.496000
4.536900 -2.700900
5.086500 -2.611000
4.985500 -2.120000
5.182300 -2.899900
4.555000 -2.227400
3.957400 -3.566900
5.600300 -2.818500
6.435100 -4.264200
5.349800 -1.983000
4.591200 -3.343100
4.988400 -1.840700
5.884600 -3.102100
5.207900 -2.625600
5.665100 -2.855800
4.727200 -3.664200
4.522800 -3.679700
4.707300 -3.030700
5.917100 -2.157600
5.351200 -3.872000
4.584300 -3.674900
4.127100 -2.722300
4.757300 -3.289200
4.771500 -3.692600
4.013900 -1.854400
5.495600 -2.209800
5.191000 -2.783400
4.521100 -2.614400
4.544600 -3.392900
4.463500 -3.083300
5.313000 -3.060200
6.079900 -3.616200
4.454300 -3.454900
5.327800 -2.507200
4.924800 -3.398100
4.645400 -2.623400
5.802400 -4.146500
5.455800 -2.921300
4.358900 -2.848700
4.902600 -3.686500
5.860500 -2.658500
4.724500 -4.096000
4.881400 -2.510200
6.126500 -3.311400
4.651400 -3.045100
5.100800 -3.083100
5.094600 -3.114800
5.197500 -3.589200
4.635000 -2.785700
5.652100 -3.166000
4.875200 -2.670300
5.350300 -2.797000
4.546600 -2.682600
5.846500 -3.686100
5.809600 -2.297100
5.304000 -3.393400
4.543500 -3.890200
5.888400 -2.567100
4.321000 -2.134700
5.244300 -3.545500
4.371600 -2.599900
4.936100 -2.704600
6.167400 -2.726100
6.134400 -2.608000
4.583600 -3.708100
4.833700 -1.777100
5.953800 -2.401600
5.496900 -3.140200
5.044900 -3.225500
5.734700 -3.121800
4.050500 -3.526300
4.690200 -3.259100
2.857700 -2.984000
5.493000 -3.270200
5.730500 -2.403800
4.651900 -1.267100
5.058300 -1.790100
4.546800 -3.496900
5.784600 -2.976300
4.193000 -3.621300
5.640200 -3.094400
4.332700 -2.810100
4.343900 -3.982300
5.879600 -2.128000
5.444300 -3.090100
5.613100 -3.464400
4.361700 -2.379500
5.780900 -3.507100
4.670100 -3.609500
5.384400 -3.759600
4.470600 -2.371200
4.833000 -3.303800
5.823900 -2.125300
5.407300 -2.053800
4.757300 -2.566300
4.705500 -2.461900
5.615600 -3.510100
5.303100 -2.379800
4.986400 -2.860000
5.221200 -1.715800
5.276300 -3.267800
5.726200 -3.766500
5.035200 -3.079400
4.390300 -3.882600
5.654000 -3.271900
4.871800 -2.880600
5.203300 -3.256500
5.457500 -1.998100
5.261700 -3.516500
4.618300 -2.280500
4.697300 -3.906500
5.291400 -2.839100
5.070300 -3.382000
6.383400 -3.549100
5.016300 -3.317300
5.234300 -3.190500
4.575500 -3.151700
4.112800 -3.328000
4.528800 -3.153200
4.838500 -2.145800
4.700600 -3.847700
4.470100 -2.531300
5.962900 -3.556200
4.406000 -2.647500
5.240400 -4.478100
5.054600 -3.681000
5.850000 -2.791500
4.836200 -3.737600
5.891300 -3.310900
5.539500 -2.591300
4.787600 -4.004200
4.962700 -2.240700
5.336100 -3.595600
4.805700 -1.242700
5.722000 -3.283000
4.983000 -2.285700
4.107500 -3.597200
3.799900 -3.313400
5.359900 -3.693400
5.646400 -2.851800
4.732500 -3.414100
5.133700 -3.961400
5.386200 -1.720200
4.787100 -2.874200
4.076000 -3.830100
4.021900 -1.530500
4.835900 -4.321600
5.143400 -2.231100
4.381600 -3.388300
5.813300 -3.206100
5.541100 -3.083800
4.957400 -2.964800
5.186400 -3.052600
5.135800 -3.258600
4.690200 -2.669700
5.476800 -2.764300
4.837200 -2.791400
5.121100 -2.485700
4.878800 -3.019100
5.162600 -3.352100
4.330100 -2.606000
5.807800 -3.213900
5.648200 -3.357300
5.055700 -3.498800
4.410700 -4.150800
5.097800 -3.726800
5.295600 -3.350400
5.127700 -3.153400
4.978000 -3.235800
4.849700 -2.656000
5.987700 -2.151000
4.851200 -3.772800
5.704500 -2.732500
4.187200 -3.390400
5.627100 -2.723700
4.912800 -3.661100
4.558500 -2.531700
4.519200 -3.121100
5.515300 -2.531500
5.027200 -2.848100
4.769500 -2.641500
5.144500 -2.521000
4.165200 -3.211600
3.535000 -3.198100
4.841500 -3.017400
5.243900 -2.637700
5.061800 -2.821800
4.223400 -3.035400
4.915600 -2.917200
5.444400 -2.864600
5.783100 -2.480800
5.383900 -2.698500
5.508500 -3.224300
5.636000 -3.611300
4.826400 -2.532000
5.870400 -3.469800
4.888700 -3.635400
4.403400 -2.294700
5.908400 -3.882700
4.637600 -2.772700
4.561400 -3.302600
4.294600 -1.850700
4.640100 -3.282000
4.432800 -3.395100
4.353400 -2.904000
5.051200 -3.641600
5.046800 -3.019700
4.702800 -2.803400
4.555500 -3.368500
4.781900 -3.288600
4.384100 -3.554200
4.709200 -3.650900
5.924600 -3.077900
5.597800 -3.382600
5.322500 -3.425900
4.045700 -3.876300
4.526800 -2.785700
4.997300 -2.499500
4.656800 -2.597700
5.055400 -2.658400
5.430600 -4.160200
5.849000 -2.788900
6.124000 -3.549400
5.692200 -2.452800
5.306600 -2.938100
3.843300 -2.862800
5.082100 -2.046200
4.831000 -3.555700
4.975900 -3.286400
4.453200 -3.519000
4.449700 -3.622500
5.738000 -2.473400
5.407800 -3.300000
5.214400 -2.872600
4.414800 -2.867600
4.463100 -2.967400
5.788400 -3.446500
5.267000 -2.987700
5.319200 -3.578200
5.387500 -2.305300
5.310400 -2.567500
4.922200 -3.553200
5.533000 -3.026600
5.085500 -2.927300
4.588600 -3.433000
4.290600 -4.119100
5.527600 -2.588400
6.035200 -2.468200
4.592600 -2.636600
4.572200 -2.461600
5.299000 -3.236500
4.873700 -3.649300
4.531900 -2.731500
4.562400 -3.422600
4.493900 -3.466600
4.258100 -3.301100
4.638900 -3.097900
5.663800 -3.253600
5.117500 -2.857500
3.980500 -2.948800
4.491200 -2.531100
4.336700 -2.655100
5.631200 -3.355000
4.963500 -3.118900
5.666900 -2.580700
5.868900 -2.701700
4.674100 -3.016600
6.284200 -3.367100
5.360200 -2.799800
5.011100 -2.236100
5.208500 -2.570700
4.619900 -4.419500
4.499600 -2.229000
4.770200 -2.710000
4.166700 -3.678200
5.669700 -3.208100
4.539500 -3.267900
4.467800 -2.822000
5.301200 -2.901300
5.275700 -3.025800
5.168800 -3.748000
5.290000 -2.992900
5.712600 -3.214000
4.768600 -2.476800
4.676200 -2.807200
5.490100 -2.465800
4.009600 -3.770900
5.127900 -3.189500
5.379000 -1.831300
4.309300 -3.206700
5.004600 -2.110600
5.514700 -2.900100
5.061500 -2.733100
5.372600 -2.533000
5.166800 -3.481000
4.194400 -3.226500
5.079400 -3.127700
5.029600 -2.940900
5.167400 -3.661100
3.861300 -2.290800
4.041200 -2.325000
3.745400 -2.531500
4.811400 -2.254500
5.457900 -3.434100
4.341000 -3.930500
5.126000 -2.494000
5.192500 -3.243900
5.383600 -3.447900
4.450000 -2.754600
5.395400 -3.675200
5.194100 -2.952900
5.551900 -2.442000
4.331000 -3.505100
4.144700 -3.696600
4.500400 -3.175300
5.687800 -2.754300
4.951100 -1.527800
4.934600 -2.820500
4.798600 -3.159600
5.012700 -3.088800
4.521600 -2.794100
4.726500 -4.079600
5.728100 -2.870900
4.075800 -3.596600
5.352800 -2.820500
4.682700 -2.338600
5.357100 -2.548700
4.975500 -3.450300
4.967600 -2.383100
4.418500 -3.656100
4.963400 -2.993900
4.901500 -2.535000
5.211700 -1.973700
5.174700 -3.062900
5.574100 -3.624000
4.630300 -2.774300
4.772700 -2.840200
4.933300 -2.072000
5.863900 -4.202900
4.298300 -3.276900
5.308700 -2.948100
5.085100 -3.021800
4.521300 -2.955100
5.037300 -2.327900
4.928400 -2.766800
5.503900 -3.164400
4.514800 -3.414500
5.964600 -2.971300
5.904600 -3.758900
5.398800 -2.633300
4.814100 -3.635500
6.023800 -4.026000
4.968600 -3.035400
5.153800 -3.371500
5.529700 -2.653300
5.067300 -3.754400
4.999100 -2.321700
4.426300 -3.858200
4.610700 -3.142400
4.047600 -3.288500
5.335300 -3.215100
5.144600 -3.487600
4.854800 -3.468600
5.761700 -3.499400
-9.431500 2.435700
-10.004000 1.331400
-8.954900 2.350800
-9.099900 1.867700
-10.276500 1.440200
-8.975000 3.196000
-9.510300 2.227200
-9.597000 2.095300
-9.990300 1.607900
-7.527400 4.504700
-9.871100 2.432000
-9.263900 3.202900
-8.876200 3.949700
-10.040300 1.500400
-9.137800 2.509300
-8.562100 4.029800
-9.437000 2.652400
-9.576500 2.237700
-8.420500 4.077700
-8.502900 2.790400
-8.656600 3.583400
-9.425000 2.851500
-8.426600 3.358700
-8.953800 3.050900
-8.306700 3.587600
-9.154600 3.035600
-9.339200 2.292200
-10.322000 0.670800
-9.401400 2.980800
-8.204000 3.561000
-9.018100 2.633500
-8.768600 3.976300
-9.157500 2.870700
-9.482600 1.894900
-8.749100 3.152500
-9.600600 1.838100
-8.873200 3.920000
-8.929600 2.632700
-10.237800 2.314200
-9.089000 3.669300
-10.138900 1.690000
-9.817100 2.507100
-8.083900 3.660500
-8.505400 3.651300
-8.517700 2.906500
-9.441900 2.879200
-9.603000 2.067400
-10.086100 1.603700
-7.816700 3.626100
-8.680900 3.484100
-8.723300 3.538500
-9.106200 2.725300
-8.609300 3.252600
-8.339600 3.633300
-8.593000 3.271700
-9.928700 2.304500
-8.655600 3.427500
-9.093900 2.694800
-8.734600 3.263800
-8.683600 2.504500
-8.820700 3.224400
-7.727500 3.627700
-9.981300 2.119300
-9.305300 2.628600
-9.134900 2.667300
-8.533100 3.621500
-10.158100 2.055900
-9.718400 1.953100
-8.438600 3.911800
-7.975800 3.923900
-9.058400 2.691400
-7.859700 3.728300
-9.270100 2.341300
-8.653700 3.106700
-8.882800 3.197000
-9.340700 3.274500
-8.598400 3.907000
-8.482700 3.628400
-8.869900 2.765300
-7.943100 4.580200
-9.155300 2.979000
-8.475800 2.916300
-8.766000 3.618900
-8.632500 3.705500
-10.287100 1.440800
-9.425300 2.898900
-11.203400 1.759300
-9.925000 2.124000
-9.117700 3.048900
-10.172100 2.032000
-9.862700 2.723600
-7.596800 4.321500
-9.512300 2.529900
-7.720000 3.467700
-10.076800 1.599400
-8.547000 3.578200
-9.646200 2.702200
-9.311100 2.857500
-8.662100 3.315400
-9.402900 3.227500
-9.089800 2.376900
-9.201000 3.254300
-8.667900 3.318400
-8.416800 3.904600
-8.335600 4.021000
-9.712000 1.580600
-8.674700 3.565600
-9.376600 3.297200
-8.580600 4.860900
-7.564300 4.391500
-7.958700 3.673200
-8.363500 3.384700
-8.482800 3.443000
-9.880100 2.120600
-10.718000 1.724200
-8.319600 3.766800
-7.678900 4.351000
-8.704800 3.230300
-8.315100 3.806500
-9.221900 3.205300
-9.009700 3.170800
-7.229500 4.828300
-8.462500 3.181900
-9.781300 1.634400
-9.577700 2.832600
-8.768300 2.927200
-9.204700 2.639400
-10.271500 2.559100
-9.079800 3.303200
-9.296900 2.618500
-8.376500 3.280100
-9.147100 2.899900
-8.173600 4.532500
-8.557900 3.449500
-9.991900 1.099400
-8.296300 3.071600
-8.823100 3.317000
-8.060500 4.345800
-8.443900 3.452300
-8.228000 3.497800
-8.093200 4.539500
-8.965200 2.057100
-8.925500 3.395000
-9.506900 2.687500
-9.588000 2.568800
-7.760400 4.692500
-9.505600 2.888700
-9.697500 2.236300
-8.674700 2.837500
-7.832500 4.695000
-7.929500 4.206200
-7.939000 3.700000
-9.514200 2.719500
-7.774100 3.503900
-9.779800 2.729900
-9.168200 2.677800
-8.322700 3.254700
-9.065600 2.604600
-7.837200 4.008000
-8.955100 3.327100
-8.498000 3.671500
-7.401200 5.768600
-8.764200 2.988100
-9.166000 3.202700
-9.509500 2.153300
-8.565700 3.494000
-9.920500 2.053600
-8.846000 3.419300
-8.916800 3.520800
-9.476800 2.086200
-9.228700 3.047700
-9.342300 1.994300
-8.866600 3.066700
-8.826800 3.142800
-10.471700 0.191100
-9.352800 2.719500
-9.308900 4.063400
-9.214300 3.765800
-8.888100 3.028900
-9.719000 0.755800
-9.453000 2.481600
-8.467100 3.683500
-8.494600 2.877500
-9.251300 2.977900
-8.666100 3.128100
-8.942700 3.156800
-9.861600 2.543700
-7.944400 4.646100
-9.299600 3.158100
-8.519300 3.291100
-8.616100 3.126200
-9.264100 2.668400
-8.902500 3.495000
-9.441800 2.966900
-7.545000 3.930900
-9.094400 3.716300
-9.354200 2.862400
-8.489400 3.504100
-8.628500 2.936300
-8.526000 2.939700
-10.066600 1.599800
-8.690500 3.268700
-9.854100 2.478900
-9.576300 2.761400
-8.507800 4.518900
-10.183900 1.420200
-10.444600 1.619400
-8.904800 2.922200
-8.013900 3.785800
-10.140000 1.458200
-8.613500 4.160300
-9.090900 2.667300
-9.464300 2.756500
-10.164000 1.340600
-10.002700 2.837200
-9.458600 1.957000
-9.902000 2.410200
-8.089600 4.247600
-8.748700 2.850900
-9.460600 2.481800
-8.183200 3.377400
-8.502300 3.016500
-8.239300 2.865600
-9.747300 3.090900
-9.150800 2.598400
-9.584300 2.368000
-9.225500 2.755400
-8.710800 4.248200
-9.521200 3.353200
-10.307800 1.539900
-8.987600 3.062400
-8.663100 3.907700
-9.124800 2.516000
-7.916100 4.018000
-8.254400 4.495800
-8.769700 2.905700
-8.749100 3.162500
-9.273800 2.094800
-7.289500 4.744000
-8.860700 3.617400
-9.821500 2.068500
-9.611500 1.674300
-7.967100 4.479100
-10.919500 -0.001200
-8.428600 3.825400
-8.956800 3.341300
-8.927100 2.376100
-9.949700 1.178400
-8.871500 2.911500
-8.829800 3.541400
-7.547200 4.987000
-8.982300 3.564500
-9.033800 2.918200
-9.674400 2.064100
-9.115400 2.056900
-8.838100 3.415500
-7.077400 5.714400
-7.912700 4.014800
-9.068500 2.690800
-7.948500 3.547600
-8.404200 3.802400
-8.119700 3.755700
-8.998500 3.257800
-9.401300 1.679800
-8.777100 3.318400
-10.055100 2.317600
-8.469200 3.241100
-10.080300 2.135600
-8.405600 3.721600
-9.196300 2.392800
-9.744200 2.988000
-7.682200 4.508700
-7.656900 3.863600
-8.533000 3.690500
-10.564000 0.812500
-7.390000 4.800300
-8.396400 3.604900
-7.549600 3.853200
-7.959300 3.972200
-9.051000 2.966600
-9.502500 2.928000
-8.426000 3.237800
-8.623500 3.499600
-9.788800 1.974600
-9.831000 2.263200
-7.402500 5.164400
-9.641100 2.387900
-8.168800 3.540400
-9.823500 1.969600
-8.068700 4.387600
-8.754100 3.216700
-9.082300 3.962300
-7.601100 4.335700
-8.843200 3.134300
-8.555700 3.422300
-7.747300 4.138600
-9.917300 2.009400
-9.032800 2.629100
-8.876900 2.627800
-9.629200 2.812800
-7.626900 5.204800
-10.616400 0.857500
-9.343400 2.444800
-8.961800 2.924400
-9.124600 2.787300
-10.030000 1.568000
-9.361000 2.782500
-9.972400 1.309500
-8.190600 5.054300
-8.205100 4.785200
-8.258300 3.640100
-9.087700 2.534600
-8.770000 3.116400
-8.612200 3.036900
-7.776000 4.994900
-8.281800 3.362000
-9.402300 3.199300
-11.108400 0.621500
-9.340000 2.647200
-8.729100 3.683100
-8.511300 4.654100
-10.309000 1.183300
-10.884600 0.914800
-7.440400 4.165300
-8.378800 4.041900
-7.867900 3.670700
-9.479800 2.270400
-8.261200 3.261200
-8.485600 3.294300
-9.546800 3.196100
-9.376300 2.781100
-8.941700 3.070100
-9.002100 3.569300
-10.144000 1.410100
-8.977800 3.555900
-8.611100 4.173700
-8.155100 4.149000
-9.466500 1.977100
-9.656400 2.227400
-7.980000 3.775100
-8.352600 3.833800
-8.546800 3.368400
-9.988000 2.219100
-8.483300 3.712900
-9.633400 2.925600
-9.299600 2.748300
-8.444000 3.491000
-8.440800 3.193900
-9.087000 2.138800
-9.503700 2.039600
-8.497400 3.480400
-9.178000 3.371900
-9.585800 2.388800
-10.381900 1.623800
-9.929300 1.968100
-8.585000 3.389300
-9.770700 2.146300
-8.726500 2.738700
-8.290400 3.813700
-9.441400 2.149700
-6.878300 5.493600
-8.083500 3.639200
-9.910900 1.949500
-8.190400 3.665900
-8.997000 3.251000
-9.292800 2.191200
-8.949500 2.958700
-7.788200 4.593600
-9.106500 3.085000
-8.397000 3.277200
-9.579800 2.251300
-10.649400 1.320000
-8.527400 3.572600
-10.213500 1.806100
-8.265100 3.406900
-8.962400 3.605300
-8.973700 3.226700
-9.097000 3.000900
-8.628700 3.146500
-8.755100 3.348800
-9.897800 2.261200
-10.545600 1.071100
-9.603600 2.661000
-8.673600 4.504300
-8.334600 3.801400
-8.463000 3.804200
-8.860200 3.062300
-8.784100 2.927400
-8.439800 3.969200
-9.392300 2.517800
-9.215600 3.356700
-8.214000 3.252500
-8.422600 2.769400
-7.576800 4.130800
-10.056900 2.244600
-9.469800 3.137300
-9.560800 2.747700
-9.086100 3.242800
-9.411900 2.589800
-9.184000 2.808600
-8.402600 3.829100
-9.832900 2.147500
-8.131500 4.244600
-8.988100 2.008200
-8.437700 3.617400
-8.572600 2.381400
-9.464900 2.378500
-8.954400 3.100100
-7.945800 4.228800
-8.844300 3.139900
-9.755400 2.610400
-9.280200 3.310400
-10.105200 1.851800
-9.305900 2.921100
-8.982800 2.679100
-8.740200 2.736200
-7.692500 4.750200
-9.472800 2.203700
-9.450500 2.419100
-8.917900 4.077400
-9.386600 2.430000
-9.104800 3.264200
-10.038700 0.677400
-9.004500 2.269200
-8.981900 3.140600
-9.535000 2.422500
-9.719100 2.135000
-8.618900 3.336200
-9.198600 2.134700
-9.175500 3.658000
-8.642100 3.610800
-8.989600 3.256300
-8.147800 3.993800
-8.603000 3.880900
-9.138100 2.213700
-9.313400 1.781900
-9.543700 2.873100
-9.133400 2.135600
-8.394800 4.013800
-8.827400 3.334500
-9.506700 2.912200
-9.593200 1.875200
-8.658100 2.817600
-8.402300 3.213200
-9.190200 2.653200
-8.052800 3.866900
-8.152200 3.299000
-9.870300 2.212400
-9.870000 1.906900
-10.390000 2.169200
-7.763900 4.210100
-8.141700 4.441400
-9.403200 2.892900
-8.933700 2.711400
-8.229400 3.870600
-8.965100 2.866500
-9.090100 2.981900
-8.997700 2.589500
-10.643500 1.023500
-8.416500 4.141900
-8.652800 3.381000
-8.013200 3.951800
-10.631700 1.623400
-8.442900 3.102600
-8.876800 3.047300
-9.396300 2.760900
-9.909400 2.021400
-8.932800 3.525300
-9.164500 3.083500
-8.851500 2.698200
-9.059900 2.687700
-9.451400 3.025200
-8.826600 3.565100
-8.542800 3.474800
-9.620500 2.926300
-9.127100 2.382600
-9.381000 2.965600
-8.779600 4.314200
-10.673000 1.767100
-7.999900 3.795600
-8.509600 4.212300
-10.379300 1.389500
-8.513200 3.708200
-9.487000 2.178800
-8.803200 3.531000
-11.128600 0.040700
-9.326500 2.324000
-8.750400 3.475700
-9.276500 1.892900
-9.535200 2.774800
-8.462400 3.886800
-9.740800 2.100900
-8.644700 3.359100
-9.113700 3.105300
-7.657100 3.625700
-8.597600 3.333400
-8.365000 3.986200
-7.944200 4.149500
-9.198800 3.260100
-9.896800 2.373900
-8.977800 3.702900
-9.079600 3.184700
-9.515100 2.112700
-8.906900 3.547900
-10.483700 1.488500
-8.735500 2.938300
-9.724700 1.530400
-8.459500 3.310000
-8.989800 3.307600
-10.170400 2.170300
-9.680300 2.236100
-8.164400 3.425100
-9.344000 2.921600
-9.218700 2.763700
-8.749900 3.535800
-9.542200 2.675000
-8.139100 4.581900
-9.645500 2.414300
-7.586300 4.203500
-9.200800 2.758200
-10.036800 1.277200
-9.887400 1.953800
-8.955000 3.120700
-8.660400 3.160200
-8.485700 2.868100
-8.633400 3.550700
-10.097500 1.920400
-9.882300 1.424500
-9.220300 3.048700
-8.969500 2.857100
-9.656900 2.503900
-10.470000 2.323800
-8.750900 2.902400
-9.171500 3.167200
-9.710700 2.023300
-10.047700 1.472400
-7.738900 4.143000
-7.639500 5.111900
-8.615000 3.406100
-8.086600 3.640400
-9.752300 2.141900
-7.721800 4.167200
-8.441400 3.215500
-10.508700 1.693100
-9.416800 2.487000
-8.682300 4.000100
-7.892100 4.491300
-8.958700 3.489500
-10.338300 1.813500
-9.784200 2.793500
-9.449300 2.403800
-8.595400 3.298600
-9.467200 2.376900
-8.864500 3.174500
-9.717400 2.769800
-10.350000 2.040700
-8.796700 3.550500
-7.890400 3.929100
-9.755800 1.537100
-9.743400 2.145200
-9.321900 2.498400
-8.819700 3.403200
-9.122500 3.220800
-8.908500 3.440200
-8.560600 3.527400
-9.471400 2.499800
-9.233500 2.897800
-8.626000 3.878800
-9.100300 2.272900
-10.221600 0.991500
-7.209700 4.770800
-8.123300 3.454800
-9.384200 3.097500
-8.248800 3.747900
-10.007800 2.540700
-8.936700 2.374400
-8.899900 2.326200
-8.441000 3.450000
-10.096600 1.879100
-8.670500 3.831200
-9.715000 2.261900
-9.525300 3.263800
-8.697400 3.006700
-9.258000 2.611500
-9.197500 2.977100
-10.546700 1.287500
-9.158800 3.046200
-8.476700 3.281000
-9.824300 1.697800
-8.389900 4.012000
-8.137300 4.585400
-9.550900 2.529400
-9.457000 1.970000
-9.955800 1.769400
-9.309700 3.268900
2.308100 -9.494800
2.297100 -10.078900
2.086000 -7.800800
2.620600 -9.521300
2.229100 -8.308500
3.170200 -11.185600
2.299600 -8.570700
3.228600 -9.733200
2.349800 -8.704500
1.199600 -8.748600
1.924200 -7.963500
1.624400 -8.741600
1.606700 -8.401800
2.766600 -9.421000
1.638900 -9.796300
2.419500 -8.583500
2.480400 -9.527300
1.723900 -9.216300
1.650800 -7.954100
2.291700 -9.801800
1.978000 -7.639300
1.552800 -8.295000
1.567000 -9.540600
1.388700 -10.079200
1.699600 -8.530800
1.929300 -9.131100
1.544500 -7.978800
1.914700 -8.298600
1.031200 -8.764100
2.385400 -8.493800
2.410700 -8.463100
2.201800 -9.165900
1.783700 -7.458900
2.401000 -9.874600
2.654500 -8.953900
2.146100 -9.777600
0.828300 -9.925100
1.629500 -9.795900
1.563800 -8.263200
2.364500 -8.328600
2.109100 -9.611900
2.795600 -9.273300
2.110800 -9.634000
0.944800 -8.546000
2.494600 -9.817000
1.310200 -9.124500
2.214200 -7.390300
3.516700 -8.429500
0.883200 -8.418100
2.029000 -8.365400
0.684400 -8.755600
1.329800 -9.343700
2.132700 -9.465600
2.319000 -8.477900
2.416000 -9.120700
2.601900 -8.784200
1.325000 -11.399500
1.770500 -7.766800
1.576100 -8.470500
2.132200 -8.546900
1.168000 -7.370900
2.989800 -10.843300
1.772500 -9.842400
2.180600 -9.050500
2.318800 -9.370000
3.094400 -9.283000
1.192100 -7.955900
2.300300 -9.646900
2.473700 -7.779100
2.410700 -8.617300
1.211300 -7.208900
2.095300 -7.479800
1.341200 -6.809600
2.573300 -10.058200
2.690000 -8.741800
2.413000 -8.663200
1.254600 -10.030600
2.622900 -8.877200
3.071500 -8.402200
2.651400 -8.532400
1.891700 -9.034300
2.150100 -7.918400
1.675000 -9.227200
2.035000 -9.618500
0.834600 -8.764900
1.681300 -8.316600
1.875500 -7.880500
1.171300 -7.716700
2.901900 -8.588800
2.240800 -10.052800
1.704600 -9.191900
0.851600 -8.102400
3.303000 -9.643700
1.704800 -8.085600
1.480200 -8.412900
1.582100 -9.989100
3.439700 -9.207100
1.779900 -8.311300
2.271500 -8.876500
1.246600 -10.692700
1.844200 -9.113500
2.218900 -9.031000
3.049100 -8.600000
2.628400 -9.377000
2.358300 -9.084700
3.272400 -8.346400
2.468900 -8.147000
3.985400 -9.529700
2.096100 -9.993100
1.301100 -10.346400
1.693300 -8.294500
2.959100 -8.596900
2.276400 -8.238300
1.774500 -9.098600
1.573600 -9.020100
1.055800 -9.491600
2.946100 -9.828900
1.561300 -7.752000
1.865300 -9.015000
0.085600 -7.544700
1.697700 -8.478700
1.753900 -8.834000
1.860800 -8.020400
0.794400 -9.081900
0.791300 -8.235200
1.099800 -10.530600
1.423000 -9.744300
3.059600 -8.831300
1.556600 -9.458600
1.306700 -8.375200
1.617500 -8.836800
1.413800 -10.426500
2.054900 -8.142300
1.983800 -9.687800
1.751000 -8.614300
2.530100 -8.284200
0.866100 -8.737500
1.607400 -9.041800
2.089800 -8.347400
0.453900 -8.524900
1.621700 -9.518300
2.623300 -8.904900
1.802700 -10.667100
1.580100 -9.973200
2.110300 -8.129600
2.064600 -9.033000
2.442300 -8.454300
3.138500 -9.121200
2.381600 -9.727100
2.037500 -9.371600
1.632500 -8.594600
2.433500 -8.534000
1.849100 -9.609000
1.181200 -9.420600
1.147700 -8.956800
0.945200 -8.897900
2.697400 -9.007700
2.163200 -8.861200
1.739000 -8.380300
1.630000 -9.366800
2.090700 -9.102900
2.127800 -7.752200
0.476700 -8.952100
1.675000 -9.056300
2.775800 -9.618600
0.615700 -9.603000
2.122300 -8.747500
1.644200 -7.753800
0.668800 -9.315200
0.586000 -7.915800
1.848700 -7.902400
2.086700 -9.129200
0.909900 -9.041200
1.331400 -7.451700
2.140500 -8.796200
0.607900 -10.439600
1.325400 -7.850200
2.173000 -8.364400
1.856100 -10.005800
0.868100 -8.736400
2.291800 -9.748600
0.951600 -8.319500
1.672800 -8.941600
1.930800 -9.970500
2.229800 -8.765700
2.639200 -10.000500
1.476400 -9.394900
2.468500 -9.973100
2.305300 -9.908400
1.336200 -8.991100
0.953500 -7.659000
1.810700 -9.804500
0.617200 -7.894900
2.285000 -8.798900
2.692200 -9.500700
1.572900 -8.853100
2.949400 -9.028100
2.513800 -8.122300
1.056200 -9.412000
0.883300 -9.625600
1.642800 -9.665900
1.850400 -8.766700
2.337100 -7.174600
2.919600 -9.530500
1.930400 -7.544800
1.816400 -10.027600
2.861000 -9.468200
1.758100 -9.779300
2.642700 -8.344600
1.182800 -9.664900
1.550200 -8.594700
2.466500 -7.657200
1.026600 -8.629300
1.105000 -9.324900
1.985300 -8.350100
1.865000 -9.573100
2.984000 -9.203400
2.082100 -8.667100
2.362200 -9.531000
0.687900 -9.597000
2.364100 -10.262400
0.833000 -7.949700
3.201700 -7.632800
1.698100 -9.848200
1.844400 -8.359500
2.772300 -9.172000
2.167500 -9.558000
1.967300 -8.138700
2.791500 -9.885100
2.242700 -8.886800
2.535700 -9.582200
2.476000 -9.424200
2.155800 -7.880000
3.021400 -8.871300
1.993400 -9.316200
2.060100 -8.880000
1.132200 -9.532400
2.121800 -8.881000
3.281600 -8.462400
2.937900 -9.512600
3.073100 -8.209100
2.904000 -9.577700
2.852600 -9.198200
1.518700 -9.416800
2.822500 -8.581500
0.834000 -8.536200
2.443600 -9.401900
1.430400 -9.934200
1.521800 -9.899800
2.627600 -9.644100
2.810900 -10.513400
2.268200 -8.297400
0.951800 -9.332000
2.259900 -9.452500
3.017400 -8.709100
1.318500 -8.845900
1.187300 -9.166000
1.949800 -8.283800
2.240500 -8.936800
2.244100 -9.052900
3.675400 -8.722700
2.165100 -9.110400
2.453500 -7.821400
2.283700 -8.473200
0.939000 -9.585300
1.320200 -8.696900
1.749600 -9.716500
2.107700 -8.158800
1.612700 -9.561000
2.992200 -10.146100
3.474200 -8.969500
2.227900 -9.186200
1.576800 -7.446100
1.459300 -10.079900
1.408200 -8.005200
1.124800 -7.888900
2.340200 -9.285400
1.479000 -10.614200
1.576300 -8.941900
2.396500 -8.223500
2.091000 -8.484800
1.023200 -8.196700
2.221300 -9.984000
1.966200 -8.803300
2.523400 -9.698800
1.956000 -9.220300
2.828200 -10.482800
1.363200 -9.013200
1.848000 -9.333300
2.521700 -9.633800
2.152600 -9.641800
1.009500 -9.085500
1.174500 -10.746600
2.207400 -8.957700
1.988700 -8.961300
1.705000 -8.814700
1.120000 -9.160400
2.463600 -9.541400
2.634300 -7.988600
2.715800 -8.826200
1.314600 -8.352600
1.654900 -9.063700
1.399800 -9.439700
3.128900 -9.670300
2.140200 -9.547300
-0.622900 -8.655500
2.914700 -8.024000
1.398300 -8.542400
1.876000 -8.659400
2.745600 -7.749300
2.846600 -10.133500
2.751600 -8.820100
1.108600 -8.815700
2.401900 -8.734600
2.144200 -9.603600
2.546800 -8.899700
2.459100 -8.728000
1.780500 -8.490500
0.296600 -8.162400
1.557900 -8.405200
1.423900 -9.495400
1.670200 -10.273900
3.355600 -9.593700
2.240200 -8.957800
1.397800 -9.370000
2.155100 -10.131400
2.166000 -8.672600
1.937800 -9.423000
2.025900 -10.290600
1.548900 -8.231100
0.420700 -9.534500
1.608800 -8.640400
2.379400 -8.273800
1.816300 -9.042700
1.450000 -9.615600
1.971100 -8.555900
2.770900 -9.220600
0.943300 -9.293100
1.804600 -7.507000
1.395500 -9.209000
2.797600 -8.768200
2.492000 -9.873600
2.079700 -9.051700
1.045800 -9.163500
0.428400 -9.439900
1.512400 -8.474600
0.911100 -9.367600
2.983800 -8.946300
1.625500 -9.626900
1.073400 -8.122100
2.027400 -9.636900
1.168500 -8.429400
3.255400 -8.350600
2.502300 -9.696200
3.852600 -9.571900
2.112300 -9.199700
1.135700 -7.327900
1.269100 -9.511600
1.774800 -9.973700
2.346200 -8.760800
2.472700 -8.687400
2.102700 -8.407400
1.344700 -9.389700
2.965300 -9.242800
1.543200 -9.047900
2.725800 -9.248900
1.873700 -8.626800
1.708600 -8.799100
0.529900 -8.460500
1.825900 -9.098800
0.989600 -9.150600
2.528400 -8.716100
1.846400 -10.476000
1.027800 -8.385000
2.320200 -8.329000
2.854900 -8.234000
1.228400 -8.752900
3.092600 -8.563200
2.102400 -9.517100
1.610800 -9.158100
2.001900 -9.254700
1.752200 -9.946100
1.050800 -7.592900
0.883100 -9.348100
2.487200 -8.740100
2.155800 -8.279100
2.385600 -8.232500
2.894300 -6.449200
1.821600 -8.799900
2.981900 -8.053800
2.794200 -8.410500
2.086300 -8.912700
1.268500 -8.823400
2.211200 -9.828100
2.270500 -7.811400
1.670300 -7.828100
3.175100 -8.423200
0.670300 -8.982400
2.019300 -9.146100
2.665900 -9.513700
1.139300 -8.998900
1.177600 -8.109500
1.951300 -9.563000
2.110900 -8.288900
2.028200 -10.185200
3.607300 -7.969000
1.895600 -8.697800
1.612100 -7.647600
2.177900 -8.177900
3.256600 -9.508800
1.552900 -9.842300
1.725300 -8.239900
2.240800 -10.767300
1.131700 -9.031400
1.065200 -9.206600
1.235400 -7.944700
1.214600 -7.899300
2.890000 -8.679900
2.249000 -8.468600
1.323000 -7.953500
2.636800 -8.478200
1.223400 -9.362900
1.041000 -9.034900
1.283400 -9.574400
1.748300 -9.453400
1.283600 -7.769000
2.722700 -8.404800
3.678400 -8.866400
1.550800 -9.562100
1.500700 -9.553300
2.000900 -9.793900
1.443900 -9.559700
1.633600 -8.730900
1.737700 -9.720900
3.387500 -9.702500
2.357700 -7.699800
2.629200 -9.936600
2.125500 -7.530800
3.078900 -8.287500
1.763600 -9.568300
2.902900 -8.666300
3.885500 -8.689600
3.293100 -7.925500
0.973900 -8.189200
2.702400 -9.645300
2.632100 -9.060500
2.344200 -9.277900
0.962300 -9.327700
2.782100 -9.132400
3.117300 -9.489200
1.540000 -8.964700
2.325200 -9.122300
1.432300 -8.390300
1.901600 -8.201000
3.212000 -10.319600
2.640100 -10.054200
2.145300 -7.772500
3.214500 -8.856100
1.249800 -9.450500
3.523900 -9.209000
2.877600 -10.202100
2.395200 -8.958800
1.682400 -8.571500
2.290100 -8.804200
1.021400 -7.675900
2.711800 -9.182600
1.524800 -9.555400
1.049100 -7.993000
1.834500 -9.253600
2.029900 -8.164500
2.637000 -7.990800
2.457300 -8.063700
0.756000 -9.333600
3.328700 -7.288000
1.599800 -9.548300
2.115900 -8.381400
1.874700 -7.947500
1.483400 -9.579300
2.622400 -9.093300
2.045100 -8.029400
0.666900 -8.810700
1.441200 -9.094200
1.333000 -9.047300
0.734400 -8.080400
2.832800 -8.496600
2.244300 -9.689900
1.821700 -8.275900
1.878300 -10.336300
1.802700 -9.669700
0.411800 -8.893800
0.579200 -8.932300
2.408300 -8.710500
1.475800 -9.223000
0.390100 -9.655200
1.772000 -7.986600
2.339600 -9.474100
1.454700 -8.505900
2.138400 -9.252300
1.909600 -8.329000
2.405500 -8.035800
2.265500 -8.093300
1.797400 -8.566900
2.929200 -9.046400
2.884000 -9.505900
0.955700 -9.974000
1.567400 -10.446000
2.971500 -8.899600
3.358800 -9.828400
2.163700 -8.867900
1.989900 -7.463600
2.788300 -9.476500
2.252600 -8.768500
1.877600 -9.089700
1.741600 -8.499800
0.705700 -8.135900
1.486800 -9.142000
1.623600 -8.706000
1.435400 -10.048000
1.256600 -8.580100
2.202000 -9.466900
1.365600 -9.852800
2.508600 -9.183400
1.084300 -9.175200
2.794800 -9.338000
1.083400 -8.284900
2.223200 -9.264800
2.430200 -8.741000
1.928200 -9.617700
1.316100 -8.417200
1.437200 -8.749800
2.032300 -7.593100
2.209900 -9.040000
1.849700 -8.707700
2.812400 -9.724900
0.989400 -10.457300
2.170000 -9.369300
2.540100 -9.423400
1.930800 -8.527700
1.906200 -8.594800
2.460200 -8.472900
1.886800 -8.783700
1.773900 -9.540900
3.520700 -7.923900
1.195100 -8.503500
0.888000 -8.696600
2.084500 -8.567200
2.059800 -9.651100
3.859100 -8.550000
2.938800 -9.348300
2.104100 -8.732100
2.539400 -8.904200
1.101800 -7.093000
1.924500 -9.874000
2.260200 -8.837900
1.590000 -8.668400
0.311100 -8.998600
2.028400 -9.061900
2.818200 -9.189700
1.470000 -9.313800
0.890400 -9.917300
1.266500 -9.910800
0.976500 -8.449500
1.140100 -9.352200
1.700700 -6.975700
2.826400 -8.850800
2.474800 -8.021800
2.673100 -10.110400
0.009800 -8.648000
2.225000 -8.453900
1.535300 -8.348600
0.744800 -8.530600
3.626600 -8.196000
2.837400 -8.962600
2.391500 -8.697200
1.421000 -8.714100
1.865100 -8.900800
3.244900 -8.493000
1.734000 -9.215700
2.888600 -8.643500
1.287800 -9.540800
2.521400 -10.462700
0.617400 -9.343500
2.409300 -8.957700
0.920400 -8.707900
2.100600 -8.206900
0.838600 -8.330000
1.953500 -7.796800
3.975500 -8.348300
3.585200 -9.966400
1.860300 -9.579000
3.199500 -8.249400
2.211200 -8.982700
1.159900 -10.086300
2.640600 -9.428400
1.520000 -8.808500
2.285700 -9.080400
2.055400 -9.987400
2.683200 -9.193400
2.507900 -9.287100
1.137900 -8.419100
1.179500 -9.460200
1.219000 -8.972900
-2.075800 -1.958400
-2.936800 -3.401100
-1.722000 -1.256900
-2.649500 -2.811400
-3.237000 -2.622800
-3.486800 -4.223600
-2.534800 -3.086900
-3.086500 -4.028400
-2.389200 -2.096700
-3.923100 -3.949600
-2.437500 -2.233000
-2.830800 -2.930500
-2.888200 -2.834900
-2.746900 -2.805800
-2.525000 -2.042300
-4.383000 -4.338400
-2.025500 -1.515400
-3.647300 -4.464900
-1.296600 -0.777500
-2.937300 -2.599700
-3.665100 -3.311400
-1.837900 -1.399900
-3.397200 -3.211800
-2.352200 -2.086900
-2.372000 -2.224300
-2.118100 -2.489100
-3.055600 -2.819200
-2.160900 -1.718000
-3.689900 -3.211600
-4.048600 -4.166200
-2.786800 -2.913800
-2.374700 -1.651000
-2.079800 -1.773300
-2.491000 -2.561600
-3.147200 -3.357800
-2.494000 -2.726100
-2.667200 -2.147800
-3.250300 -3.739500
-3.396000 -3.896100
-3.757800 -3.549500
-3.870000 -4.130000
-3.459900 -3.458300
-1.918200 -2.013200
-3.289400 -3.702000
-2.232000 -1.530000
-3.195500 -3.261700
-3.187000 -3.345000
-3.037300 -3.475200
-3.693700 -4.107600
-2.173500 -2.498700
-2.619300 -2.356900
-2.980200 -2.820500
-3.593100 -4.039300
-1.968500 -1.916900
-3.704200 -2.981000
-2.848200 -2.740900
-3.958200 -3.465700
-3.050700 -2.832200
-1.927800 -2.452500
-2.471500 -2.150900
-3.724500 -3.066100
-2.872500 -2.682300
-2.947000 -3.013500
-3.601600 -3.454100
-3.508000 -3.250500
-3.839800 -4.525700
-1.780200 -1.051600
-3.465300 -3.932300
-3.381700 -3.970300
-2.573900 -2.956100
-3.559300 -3.769800
-3.833300 -4.382100
-3.098200 -3.632800
-2.362500 -2.310200
-2.165700 -1.876100
-2.619800 -3.021400
-3.738700 -3.703000
-1.517100 -1.277700
-2.787800 -3.634800
-2.862400 -2.650600
-1.517700 -1.653800
-3.730000 -4.423600
-3.210200 -3.352300
-2.802000 -2.778400
-2.682400 -2.309300
-3.038500 -2.665000
-1.060800 -0.830200
-3.033500 -3.171300
-2.987500 -3.659200
-2.563800 -2.758200
-3.810400 -3.924000
-4.712500 -4.958800
-3.901500 -4.107400
-1.874000 -1.767800
-2.077900 -2.025900
-2.052200 -2.068500
-4.055800 -4.541200
-2.634300 -2.780400
-2.379800 -3.552600
-3.136400 -2.891000
-2.913700 -3.012500
-2.906000 -2.809300
-4.427400 -4.862200
-2.837200 -2.729400
-3.264500 -3.800200
-2.615900 -2.108000
-2.655800 -2.929900
-2.293600 -1.728000
-2.926000 -2.271100
-4.527400 -4.539100
-1.546100 -1.522100
-2.884100 -2.661100
-2.156000 -2.242000
-3.923900 -3.809000
-2.686500 -2.504400
-2.265000 -2.827500
-4.721800 -5.197700
-2.460400 -3.181600
-2.404400 -2.445900
-3.008100 -2.752500
-3.107500 -3.083200
-2.512300 -2.405100
-3.370000 -3.663800
-2.999200 -2.478700
-3.768100 -3.855300
-2.991000 -3.613500
-3.734900 -3.494100
-2.302700 -2.338600
-2.026400 -1.323500
-2.441700 -2.576000
-2.987100 -3.774900
-2.198400 -1.652500
-2.996700 -3.439500
-2.069300 -1.792600
-3.664000 -3.836400
-3.989900 -3.507500
-2.956800 -3.346100
-3.304900 -3.780300
-4.058700 -4.050000
-1.826600 -1.466500
-3.445200 -2.580600
-2.897700 -3.056600
-2.293200 -2.636200
-2.322400 -2.069200
-3.056300 -3.483800
-2.004800 -2.481000
-2.547000 -2.202700
-2.748700 -2.147400
-2.739800 -3.280100
-2.216500 -2.637700
-3.189100 -2.733500
-2.464100 -1.780400
-2.878800 -3.358900
-2.557200 -2.665000
-4.677100 -4.381600
-2.302500 -1.759400
-2.468400 -3.024400
-3.916600 -4.065700
-3.232500 -2.963900
-2.908000 -3.320300
-3.498700 -4.421600
-2.273000 -1.381300
-2.454700 -2.695600
-3.885900 -4.282800
-1.319800 -1.161200
-3.104300 -3.233800
-2.855600 -2.839500
-3.869400 -3.712500
-2.204000 -1.329500
-4.046900 -3.753400
-2.776500 -2.343400
-3.620000 -3.583000
-4.746600 -4.975800
-3.476000 -3.465100
-3.570900 -3.307100
-3.625000 -3.778300
-3.012800 -3.217100
-4.112500 -4.489600
-2.697800 -3.096000
-3.557200 -3.598200
-4.163100 -4.368200
-2.219100 -2.224200
-3.264700 -3.273900
-3.242500 -2.833400
-1.983800 -1.438500
-2.289000 -2.591300
-3.256900 -2.499300
-3.396300 -3.163000
-2.790000 -2.776100
-3.607400 -4.294200
-1.638000 -1.494000
-2.992500 -3.700700
-2.371100 -2.160400
-1.027500 -0.779200
-3.219400 -3.010300
-1.467500 -0.763400
-2.497700 -1.870600
-4.555500 -4.783900
-4.317100 -4.150000
-4.314200 -4.342500
-2.729700 -2.658100
-3.690800 -3.966000
-1.885500 -0.697100
-2.213700 -1.881300
-2.741400 -2.030800
-2.514900 -2.446000
-3.271800 -3.093700
-2.477100 -2.765200
-3.283200 -2.711500
-3.496800 -3.084300
-3.942400 -3.884100
-1.882100 -2.355100
-2.439700 -2.297000
-3.195900 -2.618500
-2.885000 -2.434400
-2.544700 -2.492200
-2.166300 -2.285300
-2.559300 -3.170900
-3.128600 -3.520400
-2.993000 -3.248400
-2.856000 -2.490100
-3.449700 -3.131800
-2.837900 -1.984400
-2.951300 -3.091700
-3.462100 -3.918200
-3.646200 -3.748600
-2.561300 -2.481500
-2.742100 -3.075400
-2.625700 -3.090400
-3.724200 -4.128700
-2.109900 -2.147800
-3.372200 -3.610500
-3.409300 -4.157500
-2.649600 -2.682000
-2.587300 -3.130300
-3.803800 -3.723000
-3.024700 -2.853800
-1.167200 -0.821900
-2.585100 -2.944100
-3.710400 -3.771100
-2.768800 -2.959100
-2.435600 -3.340800
-3.207300 -2.561100
-2.821700 -2.589200
-3.257800 -3.525300
-2.794700 -3.547000
-2.214500 -2.433600
-2.954600 -3.622800
-2.257100 -2.108300
-2.221200 -2.433500
-2.652200 -3.283000
-1.770200 -1.634200
-3.413200 -3.594100
-1.704100 -1.885100
-3.332400 -3.420100
-2.881500 -2.843600
-3.258000 -3.265200
-3.176500 -3.459600
-2.068400 -1.964400
-4.581700 -4.330800
-3.100600 -3.261700
-2.368100 -2.157600
-4.328800 -4.586600
-2.479200 -2.348200
-2.554900 -3.076500
-3.263900 -2.647600
-2.363500 -1.872000
-2.438700 -2.507900
-4.060200 -3.900700
-3.747900 -4.194900
-4.070400 -3.938100
-4.496600 -4.458000
-3.431300 -3.003500
-2.944800 -3.207500
-2.579300 -3.533800
-2.697800 -3.224700
-2.874700 -3.059400
-1.915900 -2.012600
-3.236500 -3.160800
-2.175000 -3.226700
-2.165000 -1.440500
-2.662800 -3.089700
-3.152500 -2.625200
-2.783400 -3.253800
-2.645000 -2.609400
-3.846000 -4.008900
-4.859000 -4.709000
-2.175100 -1.857800
-3.318700 -3.297200
-4.063100 -3.820900
-4.393200 -4.868300
-2.983100 -3.343400
-2.421900 -2.039600
-2.890600 -4.102300
-3.341700 -3.993900
-3.376500 -3.995100
-1.994900 -2.013200
-2.655000 -2.293000
-2.617400 -2.584200
-3.073600 -3.050700
-3.020000 -3.252900
-3.079400 -3.579300
-2.891500 -2.940500
-3.328100 -3.660200
-2.853600 -2.376900
-2.976100 -2.840600
-4.887100 -5.768300
-2.999600 -2.820300
-2.976300 -3.589900
-3.425100 -3.018500
-2.518400 -2.721400
-2.347600 -2.701900
-3.065000 -3.089100
-2.470300 -2.440800
-2.664700 -2.589500
-1.333600 -0.922600
-3.031300 -2.833700
-4.168900 -4.793100
-3.193700 -3.346000
-2.804200 -3.246900
-3.734600 -3.434200
-2.345700 -2.326700
-3.080100 -3.184900
-4.425200 -4.399000
-4.101700 -4.321200
-3.562200 -3.108500
-2.973600 -2.757000
-3.761700 -3.031300
-1.966400 -1.353000
-3.538000 -3.130700
-2.813700 -2.165100
-2.862500 -2.745000
-2.721000 -2.642000
-1.895800 -2.483700
-1.875400 -2.469000
-1.598100 -1.760500
-3.545900 -2.885400
-3.491100 -3.897300
-1.951500 -2.049000
-4.053700 -3.768000
-3.009700 -3.689400
-3.208200 -3.605700
-3.702600 -2.999400
-3.589800 -3.428600
-2.737300 -2.863000
-3.043000 -2.974200
-2.353900 -2.111800
-3.210400 -3.800700
-2.597700 -2.030700
-2.931000 -3.003400
-2.817400 -1.352400
-3.662500 -3.486600
-4.133200 -4.550800
-3.735800 -3.972000
-2.423300 -3.163400
-3.084700 -3.427600
-3.307400 -3.489500
-3.048100 -2.464000
-3.093300 -2.965300
-2.151300 -1.810000
-2.545700 -3.177000
-3.648700 -3.138000
-3.417000 -3.513700
-2.760700 -2.245900
-3.813800 -3.687200
-3.632600 -4.049200
-3.460200 -3.966600
-3.066400 -2.216200
-3.114300 -3.736900
-3.418900 -2.407100
-1.158300 -0.186000
-3.415000 -4.413100
-1.169100 -1.930000
-2.268000 -2.247900
-2.613600 -3.001300
-3.293800 -3.036300
-2.719600 -2.691500
-3.653500 -3.782100
-4.249600 -4.804500
-3.591400 -3.413300
-4.433400 -4.726500
-3.866000 -4.591300
-3.947200 -3.455500
-2.600900 -2.073300
-2.084600 -1.797000
-3.506600 -3.623700
-2.301200 -2.808800
-3.924200 -3.683300
-2.349700 -1.967500
-2.085400 -1.631700
-2.040200 -1.724200
-3.062900 -2.386900
-2.625000 -2.816600
-2.655200 -2.454300
-3.601200 -3.374600
-3.492300 -3.212100
-2.920700 -2.566100
-4.375300 -3.636500
-2.901900 -3.528900
-1.528700 -1.655800
-2.378600 -2.848400
-2.250400 -1.976800
-3.008100 -2.464400
-4.324200 -3.898500
-2.360100 -1.888500
-2.662600 -2.930900
-2.014800 -1.624600
-1.684200 -1.589200
-2.518500 -3.629600
-3.444800 -3.054800
-3.227300 -3.264100
-3.809500 -4.058900
-3.792400 -4.373600
-3.211700 -2.987200
-3.923900 -3.696800
-4.953800 -4.824300
-3.944700 -4.035100
-4.882800 -5.420300
-1.935300 -1.775100
-2.717800 -2.611200
-4.083700 -4.507100
-3.886500 -3.721700
-3.675100 -3.575200
-3.108800 -3.033000
-3.237600 -3.352400
-2.707400 -3.135500
-4.289700 -4.168900
-3.645400 -4.313700
-3.753200 -4.739600
-3.993800 -4.752900
-2.350000 -2.245900
-2.040000 -1.391400
-1.765900 -1.693700
-2.252400 -1.590700
-1.738500 -2.591500
-2.239400 -2.370400
-3.248100 -2.942600
-2.239700 -1.998400
-3.281600 -2.453300
-2.534500 -2.314100
-2.713200 -2.899900
-2.429200 -3.137900
-4.400400 -4.995200
-3.744300 -4.151900
-3.322600 -2.207300
-3.203100 -3.241200
-3.260300 -3.087300
-2.312600 -2.155800
-3.798900 -2.984500
-1.850400 -1.915100
-2.774700 -2.508700
-2.917000 -2.776000
-3.683300 -3.652300
-3.748900 -3.124500
-2.585500 -2.598800
-3.030800 -3.076300
-2.244800 -2.194800
-2.357200 -2.835000
-2.063100 -2.341900
-3.477200 -3.393900
-3.055500 -3.020500
-3.174200 -3.727100
-2.993700 -2.845600
-2.646000 -2.566100
-2.770200 -2.659700
-2.085000 -2.206400
-3.146000 -2.993500
-2.677100 -2.251500
-3.434000 -3.623200
-3.830400 -4.076200
-3.036800 -2.856700
-3.301800 -3.593700
-3.925200 -3.645900
-0.934300 -1.148000
-2.372800 -2.197700
-2.060100 -2.296500
-5.231400 -5.542900
-2.670200 -3.088300
-2.099300 -2.232200
-3.366100 -2.918200
-1.680500 -1.273400
-1.960700 -1.964500
-3.138200 -2.047900
-2.549000 -2.385000
-3.876600 -3.921200
-2.698000 -2.059500
-3.163500 -3.694900
-2.638000 -2.410300
-1.937700 -1.726100
-2.074700 -1.965400
-2.795900 -2.705300
-2.580500 -2.766100
-4.784800 -4.348200
-3.802100 -4.526800
-3.213000 -2.712900
-3.725300 -4.329500
-2.828700 -2.785800
-3.544900 -4.285100
-2.871600 -2.795900
-2.536000 -2.147500
-3.173300 -3.529400
-2.005500 -1.335100
-3.972200 -4.229300
-4.342200 -4.456100
-1.881200 -1.797300
-2.750800 -2.887400
-3.576700 -3.479900
-3.506600 -3.429700
-2.940200 -2.862700
-4.336100 -4.947600
-3.453500 -3.604200
-4.293600 -3.888600
-1.897300 -2.335500
-3.950200 -4.301000
-3.533200 -3.510200
-1.601400 -1.508200
-2.487500 -1.331500
-2.274500 -1.099500
-3.693100 -4.355900
-2.828100 -3.417700
-2.124000 -1.888300
-2.067900 -1.927900
-2.069900 -2.150000
-3.879000 -3.481500
-3.679700 -3.762800
-2.450200 -2.512500
-1.907200 -1.699400
-3.926000 -4.853300
-4.106100 -4.323100
-2.020500 -1.663800
-2.705900 -1.476700
-2.514600 -2.227300
-3.217600 -3.379500
-3.979900 -4.161500
-1.819900 -1.900600
-3.451300 -4.029600
-2.437300 -2.539000
-2.562600 -2.883700
-3.792600 -3.471400
-4.260500 -4.338100
-2.337700 -3.434000
-3.606900 -2.984800
-2.478200 -2.801100
-3.241700 -3.474100
-2.748200 -2.467300
-2.616300 -2.598000
-3.025600 -2.853100
-2.630700 -2.644100
-3.281200 -3.715200
-2.672000 -2.402600
-3.917700 -3.861500
-0.911400 -0.548300
-3.645100 -3.122400
-1.169200 -1.093700
-2.935000 -2.185100
-2.084600 -2.128200
-2.731100 -2.557800
-2.845500 -2.960700
-3.924100 -4.492800
-2.142200 -2.242800
-3.063300 -3.040800
-2.784300 -2.400800
-2.217300 -2.275600
-1.829400 -1.518600
-4.566100 -4.822900
-3.635300 -3.589000
-4.113500 -3.722200
-3.179200 -2.698300
-3.553200 -3.773700
-3.977700 -3.610800
-2.424700 -1.999600
-1.653700 -1.631600
-3.101700 -3.109100
-3.179700 -3.461500
-2.121900 -2.072400
-3.020100 -2.621700
-3.356700 -3.088400
-3.137600 -3.036600
-2.178800 -1.896200
-3.379400 -3.608200
-3.508800 -3.765800
-2.614300 -2.469500
-3.268600 -2.805000
-1.889500 -2.062500
-2.119200 -2.465400
-2.978600 -2.073200
-2.634700 -1.905600
-2.420400 -2.994400
-1.509200 -1.518700
-3.603000 -3.558000
-3.806500 -3.392500
-3.730100 -3.723900
-3.127600 -2.407000
-3.847600 -3.293500
-2.664900 -2.607200
-2.901600 -3.122300
-2.579700 -2.023500
-3.702800 -4.578700
-3.550900 -3.229500
-4.093800 -4.356400
3.989000 2.981600
4.011100 2.895200
4.025100 2.928300
3.825700 3.063800
3.982700 2.989500
3.916800 3.005800
3.940200 3.028800
3.905500 3.016700
3.883100 2.909400
3.993500 2.909600
4.006600 3.008900
3.945600 2.970500
4.005200 2.958100
4.029500 2.991800
4.009100 2.974200
4.024400 3.004300
3.897000 3.004800
3.994600 2.915200
3.963400 3.025800
3.966700 3.010400
4.001600 2.959400
3.960200 2.988900
4.002900 3.102800
4.105800 3.000300
4.051500 2.982700
3.990300 3.077900
4.074800 2.990100
3.996100 2.833200
3.991000 2.993500
4.077400 2.950900
3.964100 3.004200
4.129500 2.978500
3.923400 2.861200
4.061800 3.012400
4.022400 3.008900
3.987900 3.007600
3.898300 3.072700
3.907100 2.944400
3.927100 2.877300
4.052200 2.971500
3.958700 2.932300
4.095100 3.084000
3.982800 3.053300
3.969700 3.041500
4.085500 3.039300
4.126500 3.036600
4.070400 3.055500
4.137500 3.001600
3.975000 2.997500
3.987600 3.057500
3.964800 3.016500
4.018700 2.941300
3.896400 3.036800
4.137300 2.943300
4.094800 2.995800
3.928900 3.038100
4.053100 3.035600
3.983200 3.003400
4.098000 3.064600
3.979500 3.008300
3.987800 3.018500
3.928000 3.039500
4.013900 2.929200
3.962400 2.983700
4.007000 3.011900
3.958100 2.952400
3.928600 2.988900
4.108300 3.053100
3.959700 2.995500
3.912500 3.049500
4.001800 3.012800
3.958200 3.134300
3.948800 3.064200
4.029000 2.959000
4.013600 2.993200
4.044100 2.880000
3.944900 2.975500
4.007900 3.061600
4.085300 2.951000
4.057600 2.978000
3.969500 2.982700
3.970700 2.978400
3.928800 3.018400
4.026200 2.989200
3.983200 3.115500
3.947700 3.000400
3.991400 3.103900
4.050300 3.033600
3.965700 3.025300
3.962100 2.931700
4.035600 2.894100
4.032900 3.018400
4.032400 3.074100
3.990300 3.036100
4.102500 3.024000
4.167500 2.925200
3.987100 2.968800
3.981300 2.989300
4.018400 2.949900
3.922300 2.980700
4.017600 2.964400
3.954500 3.041100
3.963700 3.014700
3.928700 2.990900
3.944800 3.063600
4.029500 3.065300
3.988100 2.939900
3.971200 3.159200
4.012300 3.020300
3.996500 3.027800
3.989200 3.090500
3.997600 2.962900
3.906700 3.023100
4.023300 2.982000
4.003000 3.057900
4.039700 2.945700
4.064400 2.944400
3.942900 2.919700
4.048000 3.049300
3.997600 3.113800
4.003700 2.952200
3.968500 2.953600
4.087100 2.967200
4.126600 2.980000
4.075200 3.087300
3.998500 2.989000
3.916700 2.971800
3.990700 2.976900
3.895100 3.013000
3.940400 3.028000
4.071600 2.992900
3.904300 2.876800
3.964500 2.980800
3.959300 2.936300
3.995400 2.950500
3.996800 3.075100
3.942800 3.044300
3.928900 3.019800
4.007100 2.987100
3.952100 3.024000
3.981000 2.968400
4.033500 3.100400
4.073700 3.021000
4.014100 2.970200
3.951600 2.945500
4.010900 2.956100
4.002900 3.062900
3.977300 3.066000
4.021400 3.021600
4.012900 2.930800
3.956800 2.979300
3.963800 2.973900
3.968000 2.978400
3.851500 3.160000
3.996100 3.008500
3.939500 2.998900
4.002300 3.019500
4.064600 2.987000
4.063700 2.851400
3.972100 3.018100
3.975200 2.875600
4.017800 2.993000
3.989200 2.882600
4.018000 3.007900
4.059800 2.940600
3.922500 2.985200
3.959700 2.918000
3.996100 3.010200
4.028800 3.043600
4.037000 3.077900
3.900000 2.999100
3.963300 3.058300
3.988200 2.968700
3.941000 2.925400
4.001900 2.976100
4.021600 2.984500
3.985300 3.012600
4.011200 3.124700
4.050900 2.919700
3.999200 2.970300
4.038400 2.964000
4.034400 2.926000
4.048900 2.954300
3.974300 2.894600
3.874400 3.075000
3.925300 2.979900
3.950500 3.036700
3.969700 3.050100
4.007700 2.963300
4.012500 2.957800
3.947700 3.119600
3.885700 3.009200
4.019000 2.957100
4.057300 2.909700
4.042000 2.982200
3.923000 3.082200
4.052800 2.984900
4.041100 3.055800
3.986700 2.992400
4.078800 2.955800
3.945900 3.084400
3.965000 3.106300
3.975100 3.108800
3.876000 3.181000
4.065900 2.936600
3.995900 2.993300
4.040200 2.979800
4.005900 3.087100
4.048500 2.925300
4.001800 3.004300
3.999500 3.121500
3.999900 3.058000
3.982400 2.994900
3.953100 2.915300
4.089200 2.976700
3.995400 3.027300
4.039200 2.952000
3.884200 2.901800
4.034200 3.064000
3.996500 2.919400
4.053600 2.999700
4.003700 2.945500
3.974900 2.994000
3.984600 2.978300
3.981600 3.016000
3.964300 2.973100
3.983600 2.990700
3.987600 2.990800
3.945400 2.920500
3.939500 3.095000
4.019600 2.957800
4.059800 3.007000
3.971100 2.960000
3.915600 2.906000
3.993400 2.988100
4.001000 3.003100
4.045100 3.020700
4.075200 3.053300
3.993800 2.978500
3.999100 2.976300
3.924500 2.883800
3.993200 3.069400
3.969700 2.992600
4.013000 2.952100
4.016000 2.910600
3.914100 3.098400
4.027900 3.009500
4.076200 2.986200
4.002800 2.944000
3.944000 3.062100
4.007600 2.950300
4.015200 2.992000
4.083500 2.950000
3.962500 3.108300
3.905300 3.053100
3.982200 2.981700
4.086500 3.036300
3.941500 3.088000
3.983300 3.020900
4.034900 3.055500
4.044200 3.003400
3.967800 2.937300
4.065700 3.031200
4.026800 2.942100
3.986400 2.929300
3.959800 3.016900
3.920400 3.110600
3.923100 3.077400
3.961800 3.006400
3.981200 3.028400
3.947700 2.988700
4.031900 3.017000
4.032800 3.018700
4.003100 3.006500
4.024600 3.037800
3.922100 3.067400
3.962600 2.978600
3.962400 3.014900
3.917000 2.944900
4.030900 2.973800
4.039100 3.066000
3.875500 3.021500
3.946400 3.004400
4.095100 3.006300
4.007400 3.083500
4.011000 2.913600
3.928900 3.033300
3.956300 3.031500
4.039900 2.908500
4.077900 2.976500
3.981800 3.002300
3.888000 2.972000
4.073900 2.996700
4.085300 3.068200
3.941000 2.950100
3.975800 2.965000
3.983700 2.989900
4.019600 3.024100
3.932400 2.926800
3.897200 2.969400
3.976100 2.957500
4.045100 2.965400
3.929600 2.963500
3.969400 2.998400
4.021600 2.966300
3.951600 3.112400
3.971900 2.922800
4.009100 2.876500
4.008400 2.940400
4.003600 2.981400
3.984000 3.046700
4.032500 2.950800
4.033300 3.000000
4.034400 3.118700
3.991400 2.996200
3.907800 3.047600
3.927600 3.009500
4.035300 2.946400
4.009300 2.908900
4.059200 3.097700
3.914100 2.999300
4.039500 3.116700
4.092000 3.044300
3.996400 3.043300
4.087600 3.005800
4.029000 2.934300
3.963000 3.022500
4.019400 2.968700
3.933700 3.067100
4.111900 3.112500
3.978900 2.907400
3.953500 3.077700
3.987300 3.036200
4.068000 2.980300
3.979000 2.965300
3.976800 3.037200
4.013800 2.962200
3.973000 2.929800
3.957300 2.999000
3.965700 3.076700
4.133600 2.972300
4.080800 3.023400
4.040700 2.858000
3.871200 3.076200
4.010600 2.948300
4.035700 2.960300
3.913500 2.908600
3.945900 2.953000
4.096400 3.043100
3.939600 3.128700
3.903200 2.927500
4.058000 3.007700
3.949000 2.914900
3.980400 2.967100
4.006400 3.017100
4.032100 2.976400
4.030000 3.004700
3.946700 2.921800
3.992300 2.984000
3.984300 3.014300
3.976300 2.994800
3.951300 3.023600
3.960800 3.084700
4.047900 2.887600
4.085900 3.041200
3.958100 3.081800
3.983100 2.922500
4.017900 2.957200
4.051000 3.009700
4.061500 3.022400
4.001900 2.937500
4.003100 2.973300
3.929400 3.083900
3.891700 2.976100
4.001700 3.012200
4.039700 3.124200
4.093000 2.849600
4.012000 3.003300
3.966900 2.949300
4.023700 3.122400
3.956100 2.983300
4.032900 3.019800
4.141000 2.931700
4.012700 3.012900
3.954700 3.066800
4.055700 3.058400
3.954000 3.114300
3.921300 3.059900
3.980300 3.003600
3.969900 2.991300
4.034000 2.940000
4.050100 2.996700
4.057500 2.943300
4.010500 3.089900
3.919500 3.052100
4.040000 2.963400
4.057900 2.870200
4.075900 2.967000
3.994000 3.043700
4.026400 3.030800
4.046300 2.957300
3.937700 3.010400
3.982800 2.946600
3.999700 3.079500
3.988400 3.083700
4.078000 3.055900
4.012300 2.951800
3.941600 3.109300
4.087000 3.062000
3.986500 2.975200
4.043200 2.950300
3.972200 3.008400
3.941300 3.069200
4.053300 2.999500
3.873700 3.080500
3.968900 3.069500
4.075100 2.928700
4.023200 2.989200
3.993600 3.037500
4.016400 2.986900
4.022300 2.902500
3.988100 3.052100
4.068800 3.051600
3.989300 2.977500
4.010900 2.945300
4.012300 3.051100
4.031900 2.936700
4.020200 3.024600
4.010200 3.028000
3.989200 2.909600
4.008900 3.013000
4.038400 3.004300
3.943500 3.134600
3.954800 2.967100
3.983200 2.933600
3.983500 2.854500
3.979200 2.953500
4.043600 2.978600
3.938300 3.093800
4.007900 2.998100
3.828300 2.934500
3.967900 2.961900
4.017900 3.046200
3.945900 2.929400
4.128700 3.041600
4.074200 2.961000
3.972200 3.046400
4.065600 3.143100
3.966900 2.951000
3.936000 3.054000
4.086100 2.897900
4.023100 2.983100
4.055600 2.989900
4.050700 3.007600
4.078000 3.124900
4.036500 2.927800
4.027700 3.043000
4.071400 3.026000
3.941400 2.983900
4.082000 2.961400
4.044400 3.010600
4.150800 2.987100
4.017900 3.125300
4.020000 3.006800
3.967500 3.076800
4.024700 3.011300
4.014100 3.056400
4.076100 2.964900
3.938500 2.991400
3.999400 3.035000
3.989300 2.997400
3.959200 3.019200
4.004600 2.923900
3.937900 2.936600
4.002100 3.104700
3.943000 2.909200
4.007700 3.002400
3.975900 3.102800
4.009100 3.022900
3.957000 2.887900
4.034300 3.111900
4.141100 2.997400
3.968600 2.931300
4.053500 2.825200
3.996700 3.021100
4.005200 2.905300
4.083900 2.997100
3.979200 2.956100
4.008800 3.057900
4.084000 3.008700
4.018200 2.960400
3.946400 2.954400
4.028300 2.925900
4.039000 3.030600
4.021700 2.980900
4.135400 3.024300
3.969600 3.045500
4.001600 3.062200
4.007200 3.003200
3.911900 2.972500
3.993600 2.951000
4.100500 3.050700
4.015500 2.924500
3.948200 2.976400
4.096900 2.921700
3.931800 2.969800
4.164700 2.931400
4.010700 2.976000
3.982200 2.923500
3.900500 2.936600
3.933100 2.892800
4.054400 3.021400
4.069500 3.044400
3.887500 2.987500
4.045000 2.965900
3.940200 2.989100
4.012300 3.054900
4.110700 3.043100
4.018200 3.095100
4.031500 2.935100
4.096500 2.899700
4.023200 3.030200
3.961100 2.936300
4.061300 2.975300
3.986300 3.099200
3.964700 2.972200
4.021100 3.022300
3.998800 2.941100
4.025400 2.946600
4.090200 2.995200
3.957000 2.973700
3.976600 2.991300
4.064100 2.974000
3.962100 2.986900
3.928700 3.023300
4.057400 3.008500
3.822800 3.025500
3.938800 3.051200
3.912500 2.930000
4.003900 2.918900
4.010100 3.040700
3.973300 2.979700
4.009500 2.962000
4.033200 3.086500
4.077900 2.989200
4.023900 2.999500
3.989000 2.941000
3.985700 3.024800
4.001700 3.045500
3.977600 3.010400
3.988900 3.068300
4.091200 3.024400
3.947300 2.908400
4.027600 3.064100
4.097500 3.003100
3.969300 3.034700
3.962400 2.993200
4.002100 2.964600
3.989900 3.045500
4.017500 3.018000
3.921700 3.144100
3.927800 3.070500
3.972600 3.043300
4.015700 3.052200
3.919400 3.003100
4.028600 3.023300
4.082300 2.951200
3.995300 3.019200
3.977100 2.973200
4.004700 2.923200
3.984500 3.069300
4.041600 3.044100
3.989500 2.992900
4.031300 3.091000
3.941500 2.989700
4.067700 2.981100
4.043400 3.040600
3.984700 3.071000
4.058900 3.058100
3.895200 3.037000
4.006600 2.990100
4.004200 2.973800
3.768300 3.062300
4.031400 2.916600
4.022100 2.986300
4.018600 3.059600
3.907000 2.921200
4.072900 2.956400
3.983900 3.079900
4.030500 2.958500
4.035700 2.919300
3.969300 3.018900
3.976800 3.077600
4.086700 3.000400
3.911900 3.005300
3.941400 3.019400
4.005000 3.072200
3.953500 2.917500
4.052000 2.899100
4.028800 2.928000
3.887400 3.013700
3.941300 3.019500
4.003200 3.072400
4.001000 2.993300
4.018500 3.080000
3.940300 3.024900
4.045400 3.041900
4.033200 2.937700
4.021900 2.944100
4.050200 2.951800
3.868600 3.018400
3.986500 2.909100
3.899100 2.986400
4.009400 2.992700
3.964000 3.027900
3.960500 3.050900
4.141500 2.972800
3.980900 2.941000
3.944000 3.012400
4.059000 3.055300
3.976400 2.988400
3.937600 2.990200
3.964400 3.046900
3.985100 3.077100
3.987700 3.034800
3.913600 3.006300
3.948000 2.905500
4.014400 2.967500
4.007500 2.994400
4.033800 2.894100
4.012200 2.971300
4.020800 3.037700
4.017500 3.080100
3.843100 2.856400
3.987500 3.153600
4.119400 3.026500
4.018100 3.036300
4.023900 3.061800
3.947200 3.047000
3.832500 3.045500
3.971400 2.929700
3.954200 2.952700
3.985200 2.993900
3.964500 3.029600
4.001700 3.009200
3.984900 2.896800
4.026800 3.057100
3.971700 3.059700
3.935300 2.937100
4.072000 3.026700
3.944200 2.934400
3.964600 2.943800
3.934500 3.025000
3.998500 3.027400
4.033600 3.026500
4.093700 3.052800
3.967600 3.054800
4.028100 3.027900
3.951600 3.104300
3.930400 3.009600
3.934400 3.018000
4.029800 2.992000
4.011900 3.000400
4.071200 3.044300
4.091000 2.981600
4.031900 3.016600
3.929300 2.958600
4.058500 3.001300
3.986900 2.959600
3.966600 2.923700
4.006300 3.007200
3.952500 2.961900
4.037700 3.053500
3.980900 3.029400
4.061200 2.947000
3.926900 3.029500
4.017000 2.933900
3.982300 2.925600
4.030000 2.982400
3.963900 2.999300
4.029200 3.091800
3.940400 3.005400
3.972900 2.884800
4.007600 3.053700
3.977400 3.010100
3.883300 3.006400
4.074300 2.957600
3.934500 3.041700
4.042200 2.977300
3.976000 2.921700
